gene	p_val	avg_log2FC	pct.1	pct.2	p_val_adj
TGFB2	1.5791825675109e-293	0.797961333837368	0.676	0.103	5.29642041317481e-289
PRSS23	4.6960468082491e-273	1.37838491831836	0.834	0.219	1.57500713901867e-268
EVA1A	8.65315372613076e-231	0.74104592167929	0.673	0.137	2.902181228207e-226
ACTG2	1.21310977032851e-228	1.86692987991055	0.851	0.285	4.06864885870478e-224
RDH10	5.85481872493653e-226	1.24220678092524	0.768	0.212	1.96364765215646e-221
LOX	3.43621930406364e-223	0.882317645667726	0.798	0.219	1.1524735923899e-218
NEXN	7.75450788061332e-211	0.718459583679506	0.736	0.182	2.6007843980789e-206
TAGLN	6.89659141214476e-209	2.78678500003903	0.912	0.446	2.31304779371923e-204
FLNA	1.20464256878194e-208	1.43341008528432	0.991	0.951	4.04025071143776e-204
NEB	4.0115761974125e-200	0.728913935009204	0.676	0.158	1.34544254085018e-195
CDH13	4.66442438632619e-192	0.354953123009606	0.476	0.069	1.56440129492994e-187
FBN2	7.89145399475213e-191	0.780564101999308	0.736	0.203	2.64671475529992e-186
CALD1	1.0704959894234e-187	1.53732994171818	0.996	0.965	3.59033649892715e-183
ANKRD1	1.47124231006684e-185	1.74555402243425	0.581	0.125	4.93439958373319e-181
TPM1	1.5899919387261e-185	1.72391651492876	0.97	0.809	5.33267396329345e-181
MCAM	1.93208799718369e-185	0.670230144071593	0.731	0.205	6.48002993375438e-181
PRND	8.91726938449043e-185	0.781917223625706	0.605	0.132	2.99076297886425e-180
PHLDB2	2.07187536116004e-183	0.620212428743645	0.703	0.198	6.94886277379467e-179
PLXNC1	3.06177498307846e-182	0.386403399510931	0.457	0.068	1.02688871157468e-177
MYH9	5.32714864797053e-182	1.13187184738842	0.973	0.853	1.78667238504284e-177
TMSB4X	4.28465882194665e-181	1.73741864827393	1	0.999	1.43703172229269e-176
RPL18A	2.61376986176915e-180	-0.706734356275088	1	1	8.76632273938755e-176
KRT34	4.00464894747883e-180	1.01911163059944	0.515	0.095	1.34311921049493e-175
SPOCK1	5.75432484314126e-180	0.450530267273901	0.538	0.101	1.92994300914115e-175
ARHGAP29	1.11212210435855e-179	1.0402520897044	0.867	0.368	3.72994632580814e-175
CYR61	4.99776006997501e-179	1.31138744860292	0.853	0.364	1.67619874986892e-174
S100A10	9.21717022752677e-178	1.60086341719547	0.915	0.461	3.0913467226102e-173
ACTA2	1.09966143536689e-176	2.08185721486964	0.92	0.564	3.68815448807701e-172
CRIM1	2.28387584550631e-173	0.914693645676719	0.841	0.376	7.65989119824361e-169
RPL13	7.64147732049092e-173	-0.888912147700799	1	1	2.56287507851945e-168
AC092807.3	3.90649765141787e-172	0.419851446631223	0.558	0.114	1.31020024730904e-167
RASGRP3	1.03892214209053e-171	0.288511509556965	0.439	0.065	3.48444097235743e-167
TPM2	1.65299437240744e-171	1.55634935240239	0.966	0.702	5.5439778256173e-167
MEST	5.30370999218539e-171	1.02808370517626	0.819	0.329	1.77881129427906e-166
ADM	4.4672565708001e-170	0.884620926603134	0.591	0.141	1.49827318128064e-165
FILIP1L	5.59015655024952e-168	0.760647763789332	0.607	0.148	1.87488260538819e-163
TBX1	3.56123863042467e-167	0.640992567896079	0.818	0.286	1.19440382425813e-162
MARCKS	7.9189684623268e-166	1.11861967584472	0.988	0.97	2.65594283257979e-161
FOSL2	3.0457301486393e-165	0.540555168668639	0.658	0.176	1.02150743455214e-160
RPS15	3.47153182053861e-165	-0.583233483325181	1	1	1.16431705729044e-160
ANXA2	3.77698516384567e-165	1.22873948087118	0.995	0.998	1.2667630541022e-160
CHML	3.82717253264619e-164	0.94398285280905	0.888	0.415	1.28359539572421e-159
LMCD1	6.02110424619786e-163	1.21108241020431	0.779	0.308	2.0194181531323e-158
RPL21	9.65065738947322e-162	-0.825560603856751	0.998	1	3.23673398185542e-157
FSTL1	2.44187733991134e-160	0.91100244842717	0.958	0.64	8.18981241032865e-156
CSRP1	2.963192755257e-159	1.41883464026205	0.989	0.969	9.93825218185644e-155
FBN1	6.68017120344414e-159	0.752723685372597	0.687	0.213	2.24046261992313e-154
ENAH	3.71605087225943e-158	1.00820544866844	0.975	0.902	1.24632630204709e-153
ATOH8	1.25090647198922e-157	0.675124815333031	0.788	0.289	4.19541521640464e-153
RPS28	4.49405425243419e-156	-0.585466938700125	0.998	1	1.5072608557239e-151
NEAT1	6.11947027920141e-156	1.67702285574377	0.989	0.893	2.05240913694136e-151
ACTG1	1.33492906994137e-154	1.00383511570422	1	0.999	4.47721860767635e-150
ADAM19	2.58815458185944e-152	0.30069265312925	0.4	0.061	8.68041165209839e-148
FHL1	3.05170445103558e-152	1.08461714144858	0.864	0.46	1.02351115583282e-147
ALCAM	2.50086224258135e-149	0.91075157843491	0.894	0.472	8.38764187539359e-145
DSTN	4.55311101569235e-149	0.946249106650402	0.979	0.987	1.52706790355306e-144
SHISA9	5.27169347110008e-149	0.414669585783338	0.545	0.125	1.76807327327226e-144
NT5E	3.01482577250197e-148	0.388025744315473	0.48	0.097	1.01114241583943e-143
CDON	4.37757155571403e-148	0.644941980441601	0.727	0.243	1.46819372407093e-143
HMGB1	4.54401549156377e-147	-0.886769658310905	0.998	1	1.52401735571557e-142
LIMA1	1.73291817081907e-146	0.984651489986325	0.975	0.88	5.81203425311006e-142
ELL2	3.56346180119265e-145	0.372648805507196	0.492	0.103	1.195149453502e-140
MALAT1	1.14517815617185e-144	1.6176491714123	1	1	3.84081301798476e-140
EPB41L3	3.57649026317104e-142	0.464667156549184	0.704	0.215	1.19951906936494e-137
CTGF	1.18261774847326e-139	1.31880167552993	0.75	0.313	3.96638166660448e-135
CRYAB	1.88486624878529e-139	2.43987060072738	0.72	0.285	6.32165291180099e-135
UBE2QL1	1.443298990503e-138	0.308573381329354	0.423	0.078	4.840680484248e-134
GYPC	1.8110172979481e-137	0.377629638808758	0.618	0.161	6.07397091558812e-133
FERMT2	2.59573305992928e-137	0.848838367936388	0.899	0.564	8.70582910969682e-133
CDKN2A	4.53749514283013e-137	0.661005795133387	0.804	0.302	1.5218304959538e-132
FH	1.01857298076598e-136	1.30210607219386	0.958	0.788	3.41619192019103e-132
LMO7	6.17498679122221e-135	0.614487530459304	0.708	0.25	2.07102881990802e-130
SLIRP	8.39678273492767e-135	-0.841974177172611	0.938	0.986	2.81619696146739e-130
MGP	4.38795492723553e-133	1.48618335958046	0.669	0.222	1.47167620304553e-128
XIST	8.34214245204475e-133	0.87847056996438	0.844	0.354	2.79787115699129e-128
MYL6	1.9388554575381e-131	0.722210827769091	0.996	1	6.50272731903703e-127
OPN3	3.37595358364899e-131	0.740398467596985	0.871	0.422	1.13226107242004e-126
EIF3M	6.41974950953183e-131	-0.925911014361061	0.975	0.995	2.15311978800188e-126
RPL36	1.09402484723646e-130	-0.521412291113989	1	1	3.66924993514636e-126
IGFBP5	1.9785597145751e-129	1.48573961436926	0.742	0.301	6.63589142671342e-125
COX4I1	2.89603167735598e-128	-0.880610751910334	0.975	0.994	9.71300064268422e-124
ACTN1	2.7928404984015e-127	0.89757319790899	0.947	0.825	9.36690774758878e-123
CD24	2.92897460966579e-127	0.826369646959832	0.807	0.331	9.8234879433581e-123
GBP1	4.75565589552064e-126	0.547240715104435	0.664	0.217	1.59499943079867e-121
FRZB	7.8989686095772e-126	0.323442793638468	0.395	0.073	2.6492350819661e-121
RPS23	1.60816167898023e-125	-0.401736750884985	1	1	5.3936134551318e-121
PSMB5	4.48126092977417e-125	-0.591216904965684	0.979	0.998	1.50297010323696e-120
EDN1	4.31598892778245e-123	0.566053192639667	0.478	0.111	1.44753952648896e-118
FLNC	4.67712586046138e-123	0.288923625659867	0.457	0.101	1.56866124234014e-118
COX7B	6.89072653447163e-123	-0.621998732711686	0.97	0.997	2.31108077239644e-118
TPT1	6.89323274872558e-123	-0.641492654655904	0.996	1	2.31192133159507e-118
COL5A1	1.05840871513157e-121	0.569526720096762	0.781	0.347	3.54979698967976e-117
AKR1C3	7.33763513189135e-121	-1.55283763668375	0.237	0.738	2.46096944688504e-116
SIM2	1.01261403498854e-120	0.404079562475596	0.625	0.198	3.39620621194806e-116
CRABP1	2.43005093040944e-120	1.07378635728523	0.881	0.514	8.15014781550023e-116
SAP18	2.47610954733728e-120	-0.776480414584383	0.959	0.992	8.30462381081451e-116
CALM1	3.03199217775804e-120	-1.29987258110294	0.975	0.996	1.01689985649827e-115
LOXL2	1.24056154359559e-119	0.387395652747083	0.508	0.131	4.16071936106525e-115
FLT1	2.26495281262881e-119	0.257498397345886	0.335	0.054	7.59642523827578e-115
SC5D	4.42869763698629e-119	0.712861712868231	0.89	0.469	1.48534090046883e-114
MDK	1.84949466830893e-118	0.985531083597613	0.965	0.754	6.20302016804133e-114
PTN	1.92206234253275e-118	0.398545555795225	0.503	0.125	6.44640489062058e-114
DLC1	4.56100245539663e-117	0.646992672956722	0.867	0.525	1.52971461351548e-112
LTBP1	2.37840355416636e-116	0.346206895000366	0.499	0.127	7.97692768031856e-112
GADD45GIP1	5.35995430705053e-116	-0.557900555028713	0.986	0.999	1.79767507504168e-111
UBA52	8.87334185479555e-116	-0.433097650002273	0.998	0.999	2.97603012467988e-111
CAPN6	4.67655399402234e-115	0.510569159578039	0.639	0.203	1.56846944405515e-110
RHOB	4.8618620882269e-115	0.753788781595802	0.814	0.411	1.63061992577042e-110
DDAH1	7.06842615522121e-115	0.426675169015078	0.699	0.266	2.37067944819964e-110
COX8A	1.15505572246502e-114	-0.583604471926678	0.982	0.998	3.87394138757544e-110
TXNRD2	1.44118007990314e-114	0.793780641599012	0.887	0.582	4.83357386998713e-110
CRLF1	1.77411134063014e-114	-1.3130089825524	0.283	0.762	5.95019202533942e-110
TAGLN2	8.2622547266109e-114	-0.966451684505459	0.349	0.781	2.77107761275803e-109
PRRX1	6.3508443230486e-113	0.319256765991608	0.48	0.119	2.13000967750727e-108
ARID5B	8.10241502427339e-113	0.864248440269016	0.929	0.719	2.71746897499105e-108
MAP4	1.42186481905079e-112	0.732869091454773	0.959	0.795	4.76879241661443e-108
CYBA	1.87789362820665e-112	0.769416591154595	0.819	0.351	6.29826743964229e-108
APP	3.08454604923371e-112	0.854995200358939	0.991	0.93	1.03452589945249e-107
RPL18	3.45630679561335e-112	-0.398201013938218	0.998	1	1.15921073618076e-107
AKAP12	5.99141138348047e-112	1.19571716919887	0.936	0.723	2.00945946390551e-107
RPS16	1.93678686689954e-111	-0.381258325540617	0.996	1	6.49578947289436e-107
GADD45B	1.12046585591644e-110	0.77953061873861	0.726	0.331	3.75793043415814e-106
GALNT2	1.15646378794944e-110	0.651747004287378	0.862	0.477	3.87866389840362e-106
LRRC38	2.94889208877482e-110	0.324257998440935	0.338	0.06	9.89028917654186e-106
SEPT11	1.95446125246278e-109	0.718541777683102	0.977	0.906	6.55506759463492e-105
TNFRSF12A	4.51802513635843e-109	0.924646467309979	0.929	0.641	1.51530045048325e-104
DIO2	4.60856856870485e-109	0.584576792099337	0.354	0.067	1.54566781225792e-104
ACTB	6.44785596636946e-109	0.493597721150792	1	0.999	2.16254641256065e-104
ITGB1	5.68867886949082e-108	0.7259847645281	0.991	0.953	1.90792600603853e-103
GTF3C6	6.41754235984993e-108	-0.728634642264564	0.888	0.964	2.15237953207007e-103
PDPN	2.75066502432944e-107	0.417995063073502	0.395	0.086	9.22545542509851e-103
ATP5F1B	1.12057446360775e-106	-0.559727823341935	0.989	0.998	3.75829469349403e-102
SSBP4	3.5458928469212e-106	-0.759681912207212	0.719	0.906	1.1892570019289e-101
PKD2	1.19798532779433e-105	0.35954397833658	0.596	0.196	4.01792299088939e-101
SERPINE1	1.43183046928634e-105	0.646992168954086	0.35	0.069	4.80221621093946e-101
FAT4	5.05910570634397e-105	0.594396513280082	0.818	0.41	1.69677346285071e-100
H2AFY2	9.45305915648729e-105	-0.798675726124376	0.717	0.896	3.17046151049427e-100
ZNF667-AS1	5.74791724808813e-104	0.31813061938275	0.687	0.237	1.92779396583628e-99
CARMN	1.08579132473439e-103	0.285593156708207	0.285	0.044	3.64163552402668e-99
DGKD	1.45194600778762e-103	0.587941272978738	0.883	0.547	4.86968171551891e-99
DKK1	2.39640832846794e-103	0.678077763260577	0.301	0.051	8.03731389284864e-99
LGALS1	4.69755008979363e-103	-1.71225980029557	0.52	0.816	1.57551132461589e-98
ATP5F1C	1.94575358708633e-102	-0.659101659994126	0.945	0.983	6.52586295572883e-98
AHNAK	2.76036985020968e-102	0.699801641696093	0.94	0.702	9.25800444061825e-98
HSP90AB1	3.38148183646081e-102	-0.602168498346588	0.998	0.999	1.13411519313059e-97
GNAS	3.60846342698153e-102	0.503327708559202	0.998	0.999	1.21024254877534e-97
CFDP1	1.33851006343307e-101	-0.649906078763065	0.8	0.933	4.48922890174816e-97
NELL2	2.3935215729385e-101	-0.914994521935733	0.458	0.804	8.02763200347843e-97
NDUFS3	9.50135141097853e-101	-0.705261912672111	0.919	0.97	3.18665824972809e-96
IGFBP4	1.31475616578076e-100	0.489334852211121	0.749	0.293	4.40956070441209e-96
PSMC3	5.05773148891391e-100	-0.67291814743931	0.972	0.991	1.69631256406684e-95
CD99	1.97744750990115e-99	0.652036686238507	0.993	0.994	6.63216120345746e-95
RPS19	2.44261832671071e-99	-0.334255253178514	1	1	8.19229760595506e-95
PSMD7	2.84521871466558e-99	-0.679939967213115	0.885	0.955	9.54257904711689e-95
HOOK1	4.63710648157633e-99	-1.04302594959381	0.703	0.894	1.55523914285589e-94
RPS13	5.4761394291153e-99	-0.354015259390203	0.998	1	1.83664240313098e-94
EFEMP2	1.79778133738378e-98	0.355539830163287	0.664	0.245	6.02957882745146e-94
JUN	2.90254512847374e-98	0.788249326376326	0.781	0.382	9.73484610638806e-94
CRISPLD1	3.39016081970999e-98	0.400507345056885	0.411	0.103	1.13702603732253e-93
MAPT	4.9762585457818e-98	0.57092214709913	0.876	0.45	1.66898735366976e-93
ESD	1.02188255782072e-97	-0.638502981136588	0.867	0.958	3.4272919106749e-93
TGFBI	1.26850812732903e-97	0.257592020548022	0.285	0.048	4.25444940824884e-93
LAMP2	1.67357943751757e-97	0.636859443903295	0.899	0.563	5.61301807549017e-93
GPX7	3.22466596617132e-97	0.40035734483287	0.77	0.312	1.0815207183942e-92
SERPINH1	4.05727303509515e-97	0.715830313278668	0.975	0.853	1.36076880324056e-92
FHL2	1.37272289854297e-96	0.287418094995657	0.512	0.152	4.60397532942328e-92
EFNB1	2.00589833886842e-96	0.685975476511696	0.926	0.664	6.7275824387308e-92
ATP11C	2.92970769571199e-96	0.680020884728845	0.956	0.772	9.82594664064843e-92
ATP5MC3	4.14361209292656e-96	-0.473168087990529	0.979	0.998	1.38972605984664e-91
MRPL57	4.21853354622056e-96	-0.754789509654387	0.915	0.976	1.41485396606691e-91
TMEM50A	1.5417006641184e-95	0.630192778568696	0.989	0.937	5.1707098573867e-91
PRDX1	7.47411414256168e-95	-0.489791427349762	0.995	1	2.50674314227376e-90
PLP2	1.04029345325051e-94	-0.794576751344412	0.467	0.794	3.48904021285688e-90
AHSA1	1.52414851134481e-94	-0.696013729742331	0.736	0.885	5.11184169219934e-90
PPA1	6.55863537891831e-94	-0.549887547442741	0.986	0.997	2.19970071973541e-89
UQCRH	1.48435539508769e-93	-0.403029387763866	0.988	0.999	4.97837955958459e-89
RPL41	2.26315182290616e-93	-0.307415274507981	1	1	7.59038489884496e-89
GSTM3	4.35801539222025e-93	0.581955672516467	0.901	0.472	1.46163478239675e-88
NDUFB7	2.50326895705355e-92	-0.486270346459352	0.979	0.998	8.39571375506189e-88
CPPED1	3.13012869603089e-92	0.261278863257348	0.483	0.139	1.0498138633618e-87
QSOX1	3.58221597976328e-92	0.438165066744869	0.669	0.281	1.20143941745281e-87
RAI14	4.84344626889208e-92	0.346113467316219	0.561	0.197	1.62444344412371e-87
CCK	5.22065122095603e-92	1.02932870601535	0.947	0.682	1.75095421299644e-87
SSR4	9.09356637203134e-92	0.587580427251428	0.993	0.996	3.04989122551559e-87
SNRPB	9.50060098342953e-92	-0.497194879582802	0.988	0.998	3.18640656383243e-87
FLRT2	1.62501830658657e-91	0.569566776641731	0.857	0.495	5.45014889846069e-87
BEX3	5.65538976904662e-91	0.61736330795216	0.986	0.989	1.89676117464055e-86
APOE	1.34453843430822e-90	0.796022582616544	0.74	0.323	4.50944745482633e-86
CDC123	2.28740078656795e-90	-0.63450762903321	0.816	0.919	7.67171349807026e-86
GPNMB	2.7410016313362e-90	0.336127511316744	0.432	0.119	9.19304537133849e-86
S100A2	3.29249523699415e-90	0.31687146008749	0.437	0.121	1.10426997753547e-85
EPHA3	6.40279343819084e-90	0.442962595391359	0.639	0.257	2.14743289123483e-85
CAMK2D	1.27509567407069e-89	0.394282979764265	0.676	0.285	4.2765433812657e-85
IL13RA1	5.70531986354794e-89	0.295563994922327	0.536	0.177	1.91350722903534e-84
NUDT5	7.88681186907332e-89	-0.613478769408948	0.8	0.916	2.6451578327685e-84
ARMCX1	1.67388737404782e-88	0.283538362760742	0.515	0.16	5.61405086381898e-84
EXT1	2.26908124828737e-88	0.464475404636781	0.788	0.412	7.61027159863102e-84
MAP7D3	2.51324364500838e-88	0.602999730159098	0.913	0.702	8.42916786099359e-84
FCGRT	2.54308001444005e-88	0.852118525842075	0.996	0.976	8.52923606043049e-84
SMURF2	4.85470536363757e-88	0.674859075128056	0.77	0.438	1.6282196319104e-83
SYDE2	4.91906484092064e-88	0.363654105134349	0.614	0.234	1.64980515699638e-83
RHOD	5.20136293616846e-88	0.262980517458458	0.554	0.178	1.74448511516154e-83
TCEAL3	5.39931152888827e-88	0.478174297027899	0.789	0.411	1.81087509367384e-83
SH3BP4	6.24181172934565e-88	0.336491209540653	0.667	0.262	2.09344123590524e-83
YWHAZ	9.3748609314829e-88	0.565472871948891	0.973	0.957	3.14423460781005e-83
PRRX2	2.17698926593504e-87	0.666096509723927	0.887	0.6	7.30140429901954e-83
UQCR10	2.32592750314783e-87	-0.562091083027763	0.965	0.994	7.80092825280751e-83
HAND2	5.84158245643451e-87	0.579186886362731	0.839	0.502	1.95920834006357e-82
CES1	1.58268953871181e-86	-0.914168048365829	0.181	0.632	5.30818244388556e-82
HSP90AA1	6.61501873794858e-86	-0.50773343099471	1	0.999	2.21861113452058e-81
COX5A	8.19101922658708e-86	-0.505065533400224	0.97	0.995	2.74718593840504e-81
TOMM20	6.19633353901806e-85	0.537514019452664	0.988	0.974	2.07818830565127e-80
SGK1	8.93772134714318e-85	0.848672713754613	0.892	0.623	2.99762236261835e-80
TCEAL4	1.27421914593962e-84	0.57297101879338	0.938	0.88	4.27360359356688e-80
MTCH1	2.37199905248065e-84	0.553096452684663	0.977	0.954	7.95544762211484e-80
BTF3	2.40252592972542e-84	-0.37189334007268	0.989	0.998	8.05783171570609e-80
MIR503HG	3.42071077798984e-84	0.422663464020811	0.441	0.133	1.14727218783001e-79
PGM2L1	6.28485457070241e-84	0.528454472556579	0.789	0.415	2.10787737446788e-79
GRN	9.13961850181521e-84	0.589303256361334	0.896	0.573	3.0653366493238e-79
CCNI	1.21264149959992e-83	0.510298354389293	0.975	0.977	4.06707832550818e-79
GCSH	1.70565761066414e-83	-0.628795939995897	0.867	0.943	5.72060506040645e-79
APLP2	1.94403741185106e-83	0.685759486657777	0.956	0.839	6.52010707560727e-79
SEPT6	4.53738592397801e-83	0.566717509363187	0.933	0.691	1.52179386504299e-78
TRIR	1.02601381284912e-82	-0.531825072590115	0.973	0.993	3.44114772691468e-78
CKB	1.11177929360266e-82	-0.818800858378682	0.855	0.946	3.72879657281397e-78
TIMM13	1.8392780421899e-82	-0.506068003752557	0.972	0.997	6.16875462570071e-78
BHLHE22	3.05413560632341e-82	0.417673195014498	0.642	0.258	1.02432654100481e-77
POMP	3.50666637344758e-82	-0.573818865345965	0.981	0.996	1.17610083499059e-77
PHGDH	5.61268224157888e-82	-0.59898875262145	0.867	0.957	1.88243749700314e-77
TBC1D15	6.28909063676086e-82	-0.707552543030696	0.54	0.794	2.10929810866323e-77
SNAI2	1.38449505419882e-81	0.2902885135717	0.414	0.116	4.64345796227741e-77
CYC1	3.11469934950182e-81	-0.57423552937091	0.947	0.985	1.04463901482942e-76
GLIPR1	3.59337127038474e-81	0.390359009552614	0.618	0.254	1.20518079037434e-76
DLGAP1	3.39929837142258e-80	-0.562558563295711	0.172	0.589	1.14009068079142e-75
KMT2A	3.51072504636217e-80	0.580174779287662	0.958	0.774	1.17746207329941e-75
PA2G4	5.69910976567893e-80	-0.503659274519085	0.982	0.995	1.91142442431106e-75
DNMT1	7.20364410772293e-80	-0.627106442078166	0.926	0.971	2.41603019728919e-75
ZFP36L2	8.99529878220053e-80	0.738472278740751	0.782	0.487	3.01693325856224e-75
FAM213A	1.65748237952835e-79	0.543894847127002	0.965	0.847	5.55903015270014e-75
PHF19	3.59915406298727e-79	-0.599686037374924	0.536	0.805	1.2071202811853e-74
FAM50A	4.14045152386928e-79	0.491253574764495	0.963	0.886	1.38866603659052e-74
KMO	6.57377201188354e-79	0.354098871884752	0.627	0.244	2.20477739506562e-74
PMEPA1	6.86544798837005e-79	0.379423577990393	0.65	0.302	2.30260260081943e-74
TP53	1.16495335943406e-78	0.366836937455858	0.706	0.32	3.9071370722059e-74
MRPL41	1.66308030820286e-78	-0.503105259414794	0.972	0.993	5.57780504568159e-74
ANTXR1	2.71409576101269e-78	0.604707105809583	0.919	0.728	9.10280577286047e-74
PLS3	4.33212820089423e-78	0.487386859126488	0.846	0.544	1.45295247729792e-73
PPID	9.00023889061839e-78	-0.599568651973152	0.779	0.902	3.0185901215245e-73
COL3A1	1.88375006516139e-77	0.551589341693222	0.83	0.477	6.31790934354478e-73
DMAC1	2.47076277182547e-77	-0.5339187973699	0.639	0.835	8.28669126042544e-73
WTIP	3.090161977646e-77	0.277071545453004	0.595	0.229	1.03640942568269e-72
RHOBTB3	3.17461841906775e-77	0.627350539516428	0.933	0.737	1.06473527157113e-72
WDR1	4.04182711263743e-77	0.512899933543866	0.917	0.727	1.35558839530747e-72
ENY2	6.5110474772008e-77	0.498434659202274	0.989	0.962	2.18374021337838e-72
ATP6V0E1	1.14255889830005e-76	0.49311481930344	0.995	0.983	3.83202828900853e-72
ZBTB16	2.34929338581748e-76	0.26224544249735	0.435	0.134	7.87929508669324e-72
EEF2	5.327331801086e-76	-0.422076417164055	0.996	1	1.78673381276623e-71
KIT	1.36920114243824e-75	0.348665824977457	0.558	0.213	4.59216371162362e-71
CYCS	1.40012941084879e-75	-0.505514407116392	0.972	0.995	4.69589403104575e-71
FSTL3	1.79029135671875e-75	0.395691945146272	0.641	0.299	6.00445818129901e-71
COPE	2.21985718304824e-75	-0.450247392363907	0.973	0.996	7.4451790062255e-71
PSMB6	2.33813285986127e-75	-0.431054153408978	0.981	0.997	7.84186379868871e-71
CALCB	3.1359919889342e-75	0.776690825387032	0.844	0.473	1.05178035316864e-70
KRT18	3.4666140284107e-75	-1.05461732022188	0.333	0.682	1.16266767898867e-70
SELENOM	4.75457928726273e-75	0.339414879342179	0.563	0.218	1.59463834715505e-70
RPL5	5.1296835119208e-75	-0.301792773153447	0.993	0.999	1.72044455306312e-70
MYEOV	7.02568204672529e-75	-0.59207046116913	0.232	0.616	2.35634350165119e-70
TPM4	7.52288943816124e-75	0.503724336566461	0.993	0.997	2.5231018886649e-70
SAMD4A	7.75713656572005e-75	0.280158857530836	0.501	0.175	2.60166603277685e-70
PHLDB1	1.49187438618613e-74	0.3189107448323	0.563	0.228	5.00359750382966e-70
SUGT1	1.81455039756205e-74	-0.53003046885203	0.871	0.955	6.08582057838336e-70
RPL23	2.28395191695357e-74	0.461745512789343	0.996	0.999	7.66014633427059e-70
ZYX	2.86741183857978e-74	0.534723497262947	0.885	0.67	9.61701256541272e-70
CCT8	3.87280332169463e-74	-0.443275064398754	0.979	0.993	1.29889950606316e-69
SOD1	9.57766100246533e-74	-0.409621295691407	0.982	0.997	3.21225172361685e-69
PXDC1	1.18402214222734e-73	0.258283455502638	0.474	0.161	3.97109186281626e-69
C1QBP	1.35561161159547e-73	-0.391644064755816	0.995	0.998	4.54658578413003e-69
FAU	1.37829690390053e-73	-0.328393344582095	0.998	0.999	4.622669985992e-69
JAM3	2.49621774045583e-73	0.340541348280796	0.614	0.262	8.3720646797148e-69
RPS8	2.53322419644463e-73	-0.285604382739003	1	1	8.49618063245565e-69
C9orf3	2.77810598550064e-73	0.354211464410874	0.543	0.208	9.31748966477061e-69
SORD	2.80951361586922e-73	-0.549651335712044	0.869	0.949	9.42282771626378e-69
CMBL	3.40080841486098e-73	0.276489888928451	0.595	0.225	1.14059713426022e-68
UCHL1	3.48002146067157e-73	0.591248085659656	0.982	0.964	1.16716439769464e-68
ISYNA1	6.28943734028705e-73	-0.532600041929052	0.354	0.695	2.10941438955887e-68
NASP	8.94566799935752e-73	-0.539934182241919	0.984	0.995	3.00028759030452e-68
CNN3	9.85838057719471e-73	0.497502309953306	0.972	0.953	3.30640226178533e-68
ATP5F1D	1.15214314161981e-72	-0.457046072487723	0.975	0.996	3.86417288267867e-68
TMEM45A	1.68844215456384e-72	0.287446606576034	0.535	0.196	5.66286614219167e-68
GINS2	3.96531742250225e-72	-0.618314576685389	0.609	0.824	1.32992781033303e-67
COL1A1	4.30080529130416e-72	0.869672452101229	0.735	0.412	1.4424470866505e-67
GTF3A	4.42003270418154e-72	-0.50165220746606	0.873	0.951	1.48243476865545e-67
AP2M1	4.9846653696085e-72	0.429106559950415	0.991	0.989	1.67180691831299e-67
PCSK1N	5.36259910433429e-72	0.473814881362296	0.791	0.417	1.79856211360268e-67
PXDN	1.20872430198523e-71	0.579957068819822	0.942	0.782	4.05394043642827e-67
RPLP2	1.31881022152896e-71	-0.295329881752847	0.998	1	4.42315760198597e-67
IER3	1.43359257545405e-71	0.840558135706629	0.795	0.523	4.80812613881532e-67
LIMCH1	1.5560402248829e-71	0.309515408616419	0.499	0.174	5.21880331023476e-67
MRPL4	1.65955485960157e-71	-0.539942436453262	0.894	0.953	5.56598104361772e-67
ZFHX4	2.31111652096498e-71	0.40234441059626	0.738	0.366	7.75125369966445e-67
FTL	2.33940028239885e-71	0.637210877766379	0.998	1	7.84611460713749e-67
TPI1	2.71769011729394e-71	-0.433846678625109	0.989	0.997	9.11486088439215e-67
LITAF	3.53302313458657e-71	0.400261873483133	0.825	0.448	1.18494062910899e-66
DSEL	5.42740933697752e-71	0.621149059393651	0.86	0.575	1.82029881752889e-66
TMSB10	1.50066580511787e-70	0.404081815785489	0.993	1	5.03308304378484e-66
C4orf48	1.54960164774209e-70	0.530053459770568	0.952	0.893	5.19720896636218e-66
MARCH1	2.37881464790583e-70	0.321428780835527	0.625	0.27	7.97830644761136e-66
HDAC1	2.57602933804522e-70	-0.496601536387689	0.719	0.861	8.63974479686986e-66
NQO2	3.83189614815707e-70	-0.563536110336328	0.648	0.828	1.2851796491304e-65
COL6A2	6.16669788768009e-70	0.278318830294181	0.536	0.203	2.06824880454902e-65
ARID4B	6.7599414434386e-70	0.462301192789095	0.903	0.673	2.26721676071487e-65
RHOA	8.66328978323931e-70	0.458871704121188	0.972	0.98	2.90558076040063e-65
PBX1	1.17375595653811e-69	0.501565781915635	0.848	0.532	3.93666010263318e-65
EEF1E1	1.38744773700053e-69	-0.49986981377463	0.904	0.957	4.65336096512608e-65
S100A11	1.66733519212687e-69	-0.935277642845761	0.653	0.863	5.59207550087432e-65
HSPA2	2.26340166661241e-69	0.439825976232153	0.474	0.179	7.59122284965136e-65
NDN	9.31368815166271e-69	0.300846654478945	0.572	0.22	3.12371786918616e-64
MTURN	1.35128506760307e-68	0.292906805086141	0.665	0.298	4.53207498823392e-64
PRCP	1.46732033378193e-68	0.374775383928969	0.745	0.38	4.92124566747123e-64
MGST3	1.47586500761457e-68	0.464298370996777	0.993	0.994	4.9499036490385e-64
EIF2S2	1.97100926689051e-68	-0.431485829077739	0.973	0.993	6.61056798022409e-64
ELP5	3.99593764139722e-68	-0.491833251804257	0.848	0.931	1.34019752554821e-63
PDLIM4	5.13700922578921e-68	0.269410104335395	0.542	0.212	1.72290152423744e-63
CTSC	8.10673471573569e-68	0.745271247733894	0.912	0.745	2.71891775631059e-63
LSM4	8.61523979698833e-68	-0.414651186703223	0.966	0.993	2.88946527551192e-63
CCT5	1.42867093438475e-67	-0.474095684468946	0.982	0.997	4.791619446833e-63
EXOSC8	2.02756380812177e-67	-0.493425393806725	0.609	0.815	6.8002462560596e-63
MYO10	3.55493193393212e-67	0.5891100348158	0.982	0.94	1.19228862132149e-62
VAT1	5.14528750472415e-67	0.31983636868559	0.683	0.323	1.72567797620943e-62
FAM96B	7.90830566034217e-67	-0.468390178496435	0.913	0.964	2.65236663542216e-62
TUBA1B	1.76446094796073e-66	-0.392775597610357	0.998	1	5.91782557336548e-62
NPC2	1.87821767056576e-66	0.492317583702264	0.949	0.833	6.2993542453105e-62
SPTAN1	3.24868442237753e-66	0.490142586223399	0.942	0.795	1.0895762684212e-61
ZIC2	6.81708263551165e-66	-0.498476639230635	0.138	0.531	2.28638134512425e-61
HOXD13	7.25623962603489e-66	0.530731338705954	0.853	0.595	2.43367020817584e-61
SLC6A8	1.87896313896263e-65	0.370333266067439	0.775	0.434	6.30185447176677e-61
TUBA4A	1.94730137502708e-65	-0.648566594136125	0.435	0.696	6.53105408170332e-61
ZNF706	2.48879370983988e-65	0.44763271000223	0.949	0.872	8.34716522343198e-61
CHD3	3.85734269735028e-65	0.48148670083842	0.963	0.885	1.29371416726431e-60
LSM7	4.62300039614489e-65	-0.451279907408398	0.963	0.995	1.55050810286303e-60
ITM2B	8.52717616880239e-65	-0.536912895500908	0.841	0.915	2.85992961525463e-60
SEPHS1	1.36281407886861e-64	-0.478799942782113	0.384	0.689	4.57074213911744e-60
PKP2	1.97895555299888e-64	0.319850877554329	0.517	0.199	6.63721902920295e-60
POLR2J3.1	2.95892525315124e-64	0.539529732916781	0.888	0.675	9.92393940654393e-60
BEX1	3.25326882736643e-64	0.717703081277541	0.873	0.654	1.09111383201043e-59
SOX11	3.48920687182305e-64	0.544824028077798	0.945	0.776	1.17024509274073e-59
DAB1	4.76329651430313e-64	-0.416536094391651	0.103	0.488	1.59756201793213e-59
REXO2	5.17834989479843e-64	0.458808341965907	0.94	0.831	1.73676677121645e-59
G3BP2	9.43953755501613e-64	0.482821035499764	0.942	0.824	3.16592650057686e-59
LASP1	1.14785738947234e-63	0.373751730084808	0.773	0.453	3.84979889855129e-59
HSBP1	1.16387983533071e-63	-0.438815013150051	0.949	0.986	3.90353657971566e-59
HAND2-AS1	1.2226167917753e-63	0.252483785745033	0.51	0.19	4.10053445793518e-59
SKIL	1.23907945078417e-63	0.409712487472289	0.775	0.453	4.15574856998502e-59
JAKMIP2	1.94560080488652e-63	-0.527749103863334	0.545	0.82	6.52535053950891e-59
MLF1	2.05039583113646e-63	0.261051832901335	0.653	0.286	6.87682257804859e-59
PHLDA3	2.74209992959758e-63	0.390534409294655	0.747	0.39	9.19672895387734e-59
BASP1	3.15345146158783e-63	-0.584781590425534	0.986	0.995	1.05763608570194e-58
GABARAPL2	3.4936310062592e-63	-0.470060929503067	0.77	0.896	1.17172890318927e-58
KDM5B	7.20711571425956e-63	0.440072320818114	0.865	0.59	2.41719453940552e-58
CIRBP	1.20932466565349e-62	-0.457037357847426	0.961	0.987	4.05595399613523e-58
TALDO1	1.54483562217863e-62	-0.48401075604935	0.931	0.973	5.18122419322491e-58
FAT1	1.60468449191412e-62	0.38035670443868	0.74	0.392	5.38195131743076e-58
MXD4	2.89360806441212e-62	0.437178603092458	0.699	0.373	9.70487208723179e-58
KDSR	3.78212393728094e-62	0.6111630779467	0.943	0.76	1.26848654732465e-57
PLPPR3	4.43694023462011e-62	0.356498383194752	0.681	0.335	1.48810538528924e-57
DUT	5.18114950620538e-62	-0.531534336199537	0.942	0.984	1.73770573288622e-57
NUDT15	5.48987215155494e-62	-0.471441482290336	0.455	0.704	1.84124822091001e-57
RPL28	5.58130592513413e-62	0.396416351641997	1	1	1.87191419423074e-57
CYP4F22	5.8289942202682e-62	-0.410962302218236	0.181	0.557	1.95498637153575e-57
RPL32	9.57609901438435e-62	-0.29346636981612	1	1	3.21172784843437e-57
JAK1	1.22502441396009e-61	0.476017965074161	0.991	0.989	4.10860938198074e-57
GTPBP4	1.7533759955539e-61	-0.525718829252053	0.85	0.918	5.88064775148821e-57
BSG	1.89487889523011e-61	-0.416112226910387	0.993	0.995	6.35523432671227e-57
ZFP36L1	1.99421738560637e-61	0.584357304323505	0.869	0.669	6.68840568958519e-57
PSMC5	2.22359730749348e-61	-0.438198084989949	0.95	0.985	7.45772300960239e-57
THY1	3.04313252364163e-61	0.553953344351964	0.896	0.678	1.02063621710417e-56
NRDC	3.94181279175146e-61	-0.547223916519463	0.975	0.987	1.32204459222552e-56
CAVIN1	4.72907489227454e-61	0.428057356948674	0.68	0.378	1.58608442811996e-56
EIF1	5.0458398340911e-61	0.354002048359114	0.995	0.999	1.69232422195582e-56
ITGAV	5.21092860270493e-61	0.29823248976525	0.552	0.24	1.74769334406121e-56
CHD9	1.10754417189266e-60	-0.465852610959386	0.545	0.762	3.7145923981108e-56
HSPE1	1.1372177896172e-60	-0.370846787251737	0.995	0.999	3.81411474459712e-56
CCDC71L	1.36820831638941e-60	0.39832312482158	0.635	0.315	4.58883387233845e-56
FXYD5	1.92655402287129e-60	-0.479271009295736	0.248	0.577	6.46146953730802e-56
ITGB3BP	2.46908048338398e-60	-0.414793011189592	0.526	0.766	8.28104903322152e-56
CLPP	3.43087389545474e-60	-0.463562208556148	0.86	0.941	1.15068079579656e-55
ZSWIM6	3.84382568343211e-60	0.380922901680819	0.823	0.472	1.2891806959663e-55
TBX3	4.51686809948089e-60	0.285718658611273	0.437	0.154	1.5149123918849e-55
SNW1	6.15296546391558e-60	-0.438501702873583	0.729	0.861	2.06364308694265e-55
SSR3	6.95160696015418e-60	-0.441899561139023	0.989	0.995	2.33149945836611e-55
ACTR2	1.33600827107267e-59	0.424331657941527	0.973	0.947	4.48083814035063e-55
STK26	1.70710673946261e-59	-0.381632515862999	0.094	0.452	5.72546529348364e-55
RPS6	3.09190800524081e-59	-0.305675194502877	0.993	0.999	1.03699502587772e-54
MAP1LC3A	3.20511301134544e-59	0.392854816777561	0.839	0.531	1.07496285287515e-54
NCS1	8.30563075876271e-59	0.378186802507586	0.846	0.59	2.78562550018142e-54
FBL	1.05945912201181e-58	-0.417260557028541	0.949	0.985	3.55331994931539e-54
RPS25	1.46862025375199e-58	0.421033637350132	1	0.999	4.92560546905879e-54
HSPB1	1.85785348889356e-58	0.509675210870299	0.975	0.916	6.2310548164001e-54
CD63	1.93020054171748e-58	0.565651081753338	0.996	0.994	6.47369959686627e-54
TXNRD1	2.1184787243868e-58	0.550060781108066	0.959	0.902	7.1051657937209e-54
NAE1	3.7712763212923e-58	-0.459732250329015	0.828	0.91	1.26484836539823e-53
CORO1C	4.15567553630591e-58	0.406150404167445	0.864	0.629	1.39377201812164e-53
EIF3G	4.36601901699384e-58	-0.417861673878052	0.975	0.993	1.46431911810956e-53
GAL	4.57649159258054e-58	0.39960089299894	0.634	0.308	1.53490951523559e-53
CCT6A	7.24695338238565e-58	-0.39188515280966	0.988	0.997	2.43055569491832e-53
RAD23A	1.25936524878311e-57	-0.444302915904953	0.949	0.983	4.22378510789366e-53
CLEC11A	1.31364222515758e-57	-0.566116433865096	0.536	0.742	4.40582465895602e-53
GALNT1	1.38378003626825e-57	0.390833667839758	0.788	0.493	4.64105986364007e-53
HMGN1	1.7084303564446e-57	0.368711502817479	0.996	0.996	5.72990457247955e-53
MIR4435-2HG	1.76700153217384e-57	0.502966184178629	0.795	0.536	5.92634643875783e-53
TTC3	2.00436085983827e-57	0.454951562459019	0.988	0.965	6.72242588781157e-53
CEBPB	2.17803392604008e-57	-0.664919709402011	0.696	0.854	7.30490798454582e-53
RTL8C	4.52056713214963e-57	0.426753364166884	0.899	0.757	1.51615301045167e-52
OCIAD2	5.61286126829951e-57	0.583981503248355	0.862	0.661	1.88249754077497e-52
HSD17B2	6.38112160544744e-57	0.288801314758458	0.446	0.165	2.14016437525102e-52
RNASEH2B	9.2951661769781e-57	-0.452376857232316	0.66	0.813	3.11750578409669e-52
C1orf198	9.43100852270657e-57	0.256261778219775	0.596	0.281	3.16306594843056e-52
LPP	1.15538437212917e-56	0.428807515929429	0.779	0.485	3.87504364568401e-52
CLDN1	1.25126560537589e-56	0.692554969167772	0.837	0.568	4.19661971387018e-52
RPL4	1.52781183174143e-56	-0.283602079947582	0.991	0.998	5.12412810247759e-52
SERPINF1	2.06866381131385e-56	-0.446554319715368	0.074	0.427	6.93809155676552e-52
CLMP	2.08670930070267e-56	0.395091076931419	0.715	0.371	6.99861432362668e-52
MTCH2	3.04026389743101e-56	-0.439371013278516	0.927	0.971	1.01967410855939e-51
RPL27	6.7987540109566e-56	0.327342998143363	0.991	0.998	2.28023410773474e-51
NECTIN2	1.28385521246903e-55	0.379833239337864	0.796	0.513	4.3059219970999e-51
CEP170	1.35695172601148e-55	0.400330646178927	0.867	0.637	4.55108039386991e-51
TIMM8B	1.79056620483732e-55	0.41710570707741	0.959	0.935	6.0053799944039e-51
C12orf75	2.17264917677608e-55	0.633212272623177	0.892	0.774	7.2868480739893e-51
RBM11	2.2724095424374e-55	-0.554554755185769	0.835	0.931	7.6214343643808e-51
CHCHD2	2.35876608400385e-55	-0.274629601889288	0.993	0.999	7.9110655691405e-51
SOX6	4.0883772001898e-55	0.39677879202544	0.835	0.526	1.37120082917166e-50
CETN2	4.21213700081783e-55	0.357197286709908	0.878	0.651	1.41270862870429e-50
BRIX1	4.38529682569705e-55	-0.475727203776836	0.818	0.903	1.47078470237053e-50
HMGB3	5.15667601004769e-55	0.483789723264162	0.966	0.944	1.72949756700989e-50
EMCN	6.13876331910378e-55	-0.363640937736021	0.071	0.41	2.05887982959422e-50
NR2F6	8.4268601209516e-55	-0.48722968556995	0.648	0.8	2.82628461596596e-50
RND3	9.4780391863439e-55	0.388927364890676	0.605	0.305	3.17883956270788e-50
CCDC85B	1.08960620096276e-54	-0.549660496852227	0.885	0.938	3.65443023740901e-50
AAMDC	1.92481927114945e-54	0.420989265883855	0.888	0.658	6.45565135350815e-50
PSMB1	2.26398299465506e-54	-0.351392613323684	0.991	0.997	7.5931725657736e-50
CTSB	4.09177059598542e-54	0.443165315686385	0.83	0.592	1.37233894018755e-49
CCDC34	4.2728542507098e-54	-0.463878495095981	0.807	0.916	1.43307258714556e-49
LPGAT1	4.37763495772577e-54	0.362971779479249	0.807	0.533	1.46821498847165e-49
TFAP2A	5.12428441479155e-54	0.397535301531697	0.731	0.433	1.71863374987694e-49
OAZ1	5.5621676660187e-54	-0.315023249069572	0.986	1	1.86549541350601e-49
FRMD6	5.63395808497574e-54	0.33998290921541	0.627	0.325	1.88957320212001e-49
COL4A2	7.2572006511664e-54	0.419769744970417	0.738	0.475	2.4339925263947e-49
BRI3	1.30857763112636e-53	0.407270367000998	0.959	0.968	4.38883851703469e-49
RPL39	1.46151129905295e-53	0.326116363626567	1	1	4.9017627458937e-49
PABPC1	2.36286736631645e-53	0.367013902671923	0.981	0.986	7.92482085988874e-49
ARPC5	2.78708644374698e-53	0.356849064269775	0.977	0.988	9.34760922368301e-49
F2R	3.5342744081831e-53	0.602037645521965	0.88	0.729	1.18536029376053e-48
HCLS1	4.57213490925129e-53	-0.318748805644314	0.094	0.439	1.53344832721379e-48
ARMCX3	4.66821670501283e-53	0.4168581919398	0.927	0.756	1.56567320069425e-48
POLR1D	8.39268103865962e-53	-0.435724942154658	0.885	0.938	2.81482129355605e-48
DNM3OS	1.06741628807015e-52	0.326274484364014	0.556	0.259	3.58000748855849e-48
EI24	1.15178868180791e-52	0.390684101804012	0.961	0.898	3.86298405991554e-48
GPI	1.36489449604816e-52	-0.427828370831112	0.821	0.893	4.57771965029593e-48
TMEM165	1.48221373381285e-52	0.396540227809594	0.839	0.589	4.97119664183492e-48
ECI1	1.54548922375768e-52	-0.440442900491732	0.368	0.642	5.18341630756089e-48
PRMT1	1.58389707253682e-52	-0.346213850255876	0.977	0.995	5.31223239158123e-48
CDH11	2.10521955432633e-52	0.470545262397864	0.89	0.688	7.06069586325506e-48
RPL10	2.14105975487694e-52	0.282739329633397	1	1	7.18090031188178e-48
VCL	2.59917237889443e-52	0.514756529134741	0.972	0.874	8.71736424157403e-48
HSPA14.1	3.4297182909301e-52	-0.385610542009212	0.434	0.671	1.15029321759505e-47
MTDH	3.72183234926894e-52	0.439255437453328	0.982	0.95	1.24826535162131e-47
PSAP	4.36176084631075e-52	0.473679239961601	0.95	0.824	1.46289097024416e-47
OLFM1	5.18227594421293e-52	-0.489536029727688	0.563	0.792	1.73808352892958e-47
CD151	5.50049955509895e-52	0.42359587428905	0.938	0.813	1.84481254578464e-47
SPART	5.95200561945202e-52	-0.43972654682759	0.788	0.882	1.99624316470801e-47
HEBP2	6.57341289976184e-52	0.322904102516742	0.65	0.348	2.20465695245112e-47
RPS3	6.60740500629235e-52	0.365332466032565	0.998	1	2.21605756506039e-47
SPARC	7.85046001894922e-52	0.569291289884249	0.968	0.872	2.63296578575538e-47
MRPL34	9.58527732321377e-52	-0.404716424404725	0.903	0.957	3.21480616143266e-47
DCLRE1A	1.05092936688762e-51	-0.338279296545016	0.108	0.433	3.52471200360438e-47
EIF5	1.34392716013029e-51	-0.463471247190426	0.973	0.988	4.50739730236098e-47
PLEKHO1	1.61588244752839e-51	0.39221884241609	0.931	0.803	5.41950814076547e-47
GLS	1.95967759295958e-51	0.489903307429129	0.846	0.629	6.57256267902712e-47
HSD17B12	2.43163500262321e-51	-0.474085550245226	0.874	0.926	8.15546063529799e-47
ORC6	2.78040436577268e-51	-0.4470057385162	0.68	0.819	9.325198202365e-47
GUK1	3.01417850378992e-51	0.349303754501841	0.977	0.985	1.0109253283861e-46
FZD4	3.60430390839524e-51	0.328472247880974	0.527	0.243	1.20884748783668e-46
CAPRIN1	4.57953584592479e-51	-0.503551371734992	0.982	0.99	1.53593052736472e-46
EIF4EBP1	5.88118262590794e-51	-0.410113584431712	0.945	0.988	1.97248984090327e-46
TEAD1	7.80452073527405e-51	0.337998895438566	0.804	0.521	2.61755820940356e-46
RPL30	1.13162972892191e-50	0.277419369470134	0.998	0.999	3.79537294783119e-46
APIP	1.36852986118841e-50	-0.386271717878985	0.635	0.805	4.58991230143981e-46
MND1	1.3780446238101e-50	-0.426121761986289	0.48	0.704	4.6218238637967e-46
GRIK2	1.86240214611182e-50	-0.345685989343045	0.122	0.449	6.24631055784444e-46
NENF	2.29900172809011e-50	0.364887312811451	0.966	0.936	7.71062189584141e-46
SOX4	2.57886232266959e-50	0.7205609048849	0.947	0.804	8.64924634400154e-46
CAV2	3.93493918032555e-50	-0.590433763775725	0.796	0.856	1.31973925168939e-45
CCT2	5.06980946096966e-50	-0.348062972869035	0.988	0.996	1.70036339511461e-45
DLX5	6.05063651673921e-50	-0.492424801151792	0.239	0.548	2.02932298134916e-45
GDI2	6.73627966926047e-50	-0.395194093238603	0.906	0.948	2.25928083827327e-45
TRIO	7.4091379818932e-50	0.309268231122816	0.655	0.365	2.48495078774716e-45
ADI1	8.75669872679413e-50	-0.398782780283582	0.91	0.964	2.93690918597948e-45
PSMA3	1.00222645380424e-49	-0.365770190077722	0.97	0.991	3.36136730341402e-45
ARF4	1.05218250861032e-49	0.398315941202626	0.945	0.864	3.52891491562814e-45
CDT1	1.49611300553726e-49	-0.414498544754575	0.423	0.67	5.01781340927142e-45
ALKBH7	1.5204763268585e-49	-0.383263777506314	0.846	0.922	5.09952555265071e-45
NPM1	2.54143471833366e-49	-0.288857281992168	0.998	1	8.52371790181925e-45
VIM	2.7907962950648e-49	0.595896980139569	1	0.995	9.36005169401783e-45
NUDT21	2.91773863647766e-49	-0.384911512348344	0.612	0.769	9.78580361288242e-45
DNAJA1	3.60139212871824e-49	-0.404749555926696	0.988	0.997	1.20787090605081e-44
EMD	3.73120363317295e-49	0.370706403896847	0.927	0.813	1.25140838652988e-44
COX6B1	4.28494279267934e-49	-0.322945031926657	0.97	0.998	1.43712696323672e-44
ATP5MG	5.24521109996403e-49	0.371528915996234	0.982	0.996	1.75919135081694e-44
CSTF3	5.33345355366878e-49	-0.429485313589497	0.731	0.855	1.78878698736497e-44
SEC31A	6.37330181839143e-49	0.357858858288493	0.91	0.741	2.1375416968703e-44
NDUFB9	6.71465272113193e-49	-0.339706052484651	0.979	0.993	2.25202737614044e-44
MCM10	9.56883745805308e-49	-0.460458397362941	0.382	0.639	3.20929239505642e-44
SDHB	9.81539572507705e-49	-0.376733867178194	0.842	0.921	3.29198557223359e-44
LDHB	1.37986653971691e-48	-0.287649367861919	0.986	0.999	4.62793438755655e-44
NDUFC1	2.10446823834543e-48	-0.353105433672897	0.959	0.991	7.05817602458674e-44
DNAJA2	2.57860247407192e-48	-0.431768131961759	0.811	0.877	8.64837483778981e-44
CCDC28B	3.05123051577762e-48	-0.336305466951925	0.253	0.545	1.02335220268666e-43
VDAC2	3.69527661603869e-48	-0.32660686051066	0.975	0.997	1.23935882425322e-43
UFM1	3.98104191207176e-48	-0.426637372045421	0.772	0.874	1.33520164688975e-43
NKAPD1	4.35941238297102e-48	0.299034001668504	0.825	0.55	1.46210331912465e-43
MPLKIP	4.63129802351762e-48	-0.399332147287912	0.832	0.895	1.55329104410758e-43
UNCX	7.7331371274408e-48	-0.3173462591419	0.076	0.391	2.59361686117237e-43
ADAR	7.93275759265544e-48	0.374239049020448	0.926	0.743	2.66056756900071e-43
TMEM205	1.01652698507738e-47	-0.438729105735155	0.828	0.897	3.40932985525104e-43
PCSK7	1.38411239269583e-47	0.337101862243798	0.701	0.4	4.64217455386255e-43
UTS2	1.41595008533017e-47	0.785448938026759	0.704	0.42	4.74895499118887e-43
CENPN	1.42598886663501e-47	-0.392590943276173	0.63	0.803	4.78262405980717e-43
TRNP1	1.96585116523601e-47	0.258711434843256	0.508	0.228	6.59326822308505e-43
DCBLD2	2.46971358897863e-47	0.332274947319112	0.667	0.366	8.28317240607542e-43
SNU13	2.49909220339299e-47	-0.354288694566164	0.975	0.994	8.38170534095975e-43
NDUFS7	3.44426099466312e-47	-0.381402935451133	0.92	0.959	1.15517069500006e-42
CDH2	3.59555605923457e-47	0.413104601823041	0.458	0.209	1.20591354670668e-42
MYC	4.52902705437153e-47	0.441569940957948	0.935	0.826	1.51899038376567e-42
AC245595.1	7.28750534551626e-47	0.290027266278618	0.671	0.378	2.4441564178327e-42
PALLD	1.06661558876224e-46	0.394194194543575	0.775	0.521	3.57732202314967e-42
RPL19	1.18229295159828e-46	0.280480110053027	0.998	1	3.96529233036549e-42
MPZL1	1.62190947388298e-46	0.37932147764084	0.846	0.59	5.43972218445612e-42
NKX2-2	2.0859411936127e-46	-0.357932443516065	0.101	0.41	6.99603816925764e-42
UBE2A	2.34406230859884e-46	0.35704545775261	0.94	0.904	7.86175057680966e-42
UTP11	2.49720483738494e-46	-0.381134021591205	0.874	0.928	8.37537530410534e-42
UGCG	2.69677374663779e-46	0.415512948025558	0.72	0.467	9.04470946884848e-42
IVNS1ABP	4.40746529024903e-46	0.369971916989997	0.848	0.651	1.47821978369662e-41
MT-ND2	4.57209164584576e-46	-0.608766934567114	0.998	0.995	1.53343381710021e-41
MYH10	5.36206186888042e-46	0.395255026397387	0.828	0.61	1.7983819302038e-41
BANF1	5.57104564500733e-46	-0.344252924074355	0.975	0.995	1.86847299887901e-41
YBX3	6.12580198150732e-46	-0.437737819470228	0.897	0.94	2.05453272657774e-41
PTPN13	8.10987817278053e-46	0.437455334529787	0.912	0.753	2.71997204036886e-41
KPNB1	9.50705980289963e-46	0.372347912300053	0.986	0.971	3.18857278729451e-41
LRP1	1.71046306789845e-45	0.293330384602329	0.627	0.331	5.7367220834246e-41
CTNNB1	2.02143114264737e-45	0.36860776472613	0.855	0.626	6.77967790932502e-41
CNIH4	2.18273747044044e-45	0.43890770724964	0.984	0.957	7.32068320211021e-41
IER5L	3.00772259079024e-45	0.523433102781014	0.773	0.544	1.00876007972514e-40
SLC9A3R1	3.32414561036217e-45	-0.31641675598908	0.152	0.459	1.11488519625937e-40
AMOTL1	3.55038794144695e-45	0.264737417970909	0.632	0.34	1.19076461168189e-40
MMP2	3.91029741279301e-45	0.282099703970665	0.669	0.362	1.31147464927665e-40
REST	4.10220284826462e-45	0.294484524178206	0.8	0.524	1.37583781327947e-40
MGAT4C	4.31171412531015e-45	-0.315650424256728	0.071	0.377	1.44610580048777e-40
NDUFAB1	6.23757542479914e-45	-0.300326819645981	0.984	0.997	2.09202042172338e-40
PSMA4	1.18611028364106e-44	-0.320655357876305	0.981	0.996	3.97809528030374e-40
OTX2	1.38070575444704e-44	-0.317306608148813	0.076	0.369	4.63074902983992e-40
IER2	1.41349701657729e-44	-0.564548224278191	0.74	0.832	4.74072764389859e-40
MFAP4	1.61326212294199e-44	0.689066097964119	0.789	0.513	5.41071983413513e-40
STK38L	2.15892426832256e-44	0.25873780686162	0.494	0.227	7.24081610352704e-40
HSPA9	3.25429602459055e-44	-0.401512622393937	0.961	0.973	1.09145834368742e-39
UQCR11	3.45772310323696e-44	-0.297223980072844	0.973	0.997	1.15968575159464e-39
PNRC1	3.87222725245967e-44	0.400222932635975	0.742	0.488	1.29870629820245e-39
PHB	4.19732162884549e-44	-0.310788291802587	0.989	0.997	1.40773970109849e-39
FOXP1	5.17257148048602e-44	0.359153484434091	0.807	0.569	1.73482874884021e-39
ALG5	5.3730078323182e-44	-0.345455243326818	0.506	0.707	1.8020530968812e-39
EIF3K	5.37683250132784e-44	-0.331072926482632	0.979	0.995	1.80333585262034e-39
TMEM123	6.60215784980891e-44	0.407371742768205	0.924	0.793	2.21429772124741e-39
RDX	7.72540018124074e-44	0.358020757136316	0.993	0.98	2.59102196678633e-39
RPL37	8.74079408559697e-44	-0.313903319729133	1	1	2.93157492836837e-39
MT-CO3	1.03190240877728e-43	-0.394331479825667	0.998	0.998	3.46089748879811e-39
ASPH	1.12928150235502e-43	0.406638410519581	0.837	0.615	3.78749723074849e-39
ROBO2	1.42707046326602e-43	0.273286785503174	0.543	0.269	4.78625162674789e-39
COL5A2	1.47381992844952e-43	0.433568900968427	0.862	0.653	4.94304465802684e-39
RPL36A	1.87453358183401e-43	0.296594343173683	0.995	0.997	6.28699818011309e-39
ALX4	2.08401059016817e-43	-0.322471510666351	0.15	0.442	6.98956311836501e-39
IRS1	2.31358080357846e-43	0.252513472154682	0.582	0.298	7.75951865712179e-39
CHAF1A	2.33165966681117e-43	-0.414163565710949	0.671	0.823	7.82015335651798e-39
MIF	2.7374802033834e-43	-0.334669261721367	0.958	0.991	9.18123485412759e-39
KCNE4	3.26651425042745e-43	0.542752623861095	0.919	0.757	1.09555621445086e-38
LAGE3	3.33988727665126e-43	0.367638132444447	0.919	0.909	1.12016479371607e-38
RBM17	4.29276620878496e-43	-0.390709216979266	0.865	0.93	1.43975085876439e-38
SKA3	4.65533940560313e-43	-0.404166991278273	0.435	0.646	1.56135428324523e-38
MEG3	4.69678290893772e-43	0.632947424454147	0.796	0.569	1.57525401982862e-38
COL21A1	4.73782729905446e-43	-0.287105089319598	0.101	0.413	1.58901989782988e-38
SF3A3	5.08365843649543e-43	-0.364541057113675	0.892	0.932	1.7050082030162e-38
CCDC90B	5.696386704964e-43	0.338364523792083	0.912	0.755	1.91051113697788e-38
EIF4A3	8.0437195578727e-43	-0.366909985049106	0.86	0.923	2.69778310251493e-38
COX5B	8.5460945469727e-43	-0.294156842814531	0.989	0.998	2.86627465010917e-38
RPL8	1.08613485808222e-42	-0.251923447268122	1	1	3.64278770052195e-38
FUNDC2	1.1424368255749e-42	0.316913274824122	0.897	0.755	3.83161886929565e-38
VMO1	1.27911322259243e-42	-0.353749962142043	0.08	0.366	4.29001783725277e-38
CREBZF	1.73939220604492e-42	0.320591013312383	0.722	0.443	5.83374751985405e-38
MAP2K5	1.97597682191768e-42	-0.332499157430668	0.292	0.544	6.62722866302972e-38
NUDC	2.32140939353621e-42	-0.297938334860321	0.986	0.996	7.78577496498109e-38
RAMP1	2.42095286973143e-42	0.341620709904672	0.807	0.462	8.11963382979225e-38
RAN	2.84465310229986e-42	-0.259569990309375	0.993	0.999	9.54068203980349e-38
TWIST1	3.339871781932e-42	0.354142296713903	0.819	0.531	1.12015959694217e-37
NDUFA1	3.54216527700687e-42	0.305793017245261	0.979	0.986	1.18800681225533e-37
COMMD3	3.71840277536224e-42	-0.339099676902741	0.595	0.755	1.24711510682874e-37
CAPG	3.7650553841622e-42	-0.296681670711772	0.112	0.407	1.26276192529416e-37
C12orf57	3.92952937178408e-42	-0.423037664323234	0.924	0.965	1.31792485600266e-37
POU3F1	4.56144308569578e-42	-0.446325723016938	0.637	0.807	1.52986239651151e-37
SNRPG	4.61681744751437e-42	-0.32121760939861	0.977	0.994	1.54843440372185e-37
COL4A1	5.49728344384122e-42	0.321469416958501	0.579	0.307	1.84373389422991e-37
DBN1	6.33724500154111e-42	0.414148475545421	0.972	0.909	2.12544860106687e-37
ITM2A	8.63913757121006e-42	-0.559615227867364	0.984	0.967	2.89748035000814e-37
KLF6	9.45460212728705e-42	0.460212568704385	0.804	0.591	3.17097900747081e-37
PSMC1	1.2937936625153e-41	-0.347208541989328	0.965	0.981	4.33925456471005e-37
NEFM	1.42000385096708e-41	-0.293052010696696	0.03	0.295	4.7625509157585e-37
ID3	1.50148100610418e-41	0.491050683380263	0.984	0.965	5.03581714637282e-37
GNAI2	2.54750349474442e-41	0.321051766263534	0.972	0.94	8.54407197102331e-37
CHCHD7	2.67611252230142e-41	-0.355861631048993	0.735	0.848	8.97541378854674e-37
PAFAH1B2	2.86096216376871e-41	0.318922192062302	0.88	0.692	9.59538100106387e-37
FAM49A	3.81052876704258e-41	-0.413712803989368	0.582	0.742	1.27801324317841e-36
MYO1C	4.20981145757906e-41	0.333248409129722	0.858	0.677	1.41192866475744e-36
ZNF703	4.92245706472918e-41	0.357033340542074	0.896	0.754	1.65094287493952e-36
NOP56	5.01060106761515e-41	-0.352252844852991	0.966	0.984	1.68050549206744e-36
ADRB3	5.87291003848764e-41	-0.269703401267586	0.106	0.394	1.96971529780837e-36
UBA6	6.11556341870563e-41	0.291450025222438	0.724	0.462	2.05109881499968e-36
PSMD14	6.37538520511317e-41	-0.353893497797713	0.95	0.976	2.1382404439429e-36
CCT7	7.89040399038089e-41	-0.291328886402589	0.984	0.993	2.64636259433385e-36
VRK1	9.07028334211712e-41	-0.367829879042339	0.724	0.875	3.04208233011266e-36
GSTO1	1.23665723804161e-40	-0.376426516512142	0.931	0.967	4.14762471066775e-36
HOXD8	1.73433579622399e-40	-0.329152666544159	0.242	0.5	5.81678882695565e-36
TAF15	1.95035536873298e-40	0.376094649494391	0.834	0.612	6.54129687119356e-36
SERBP1	1.96189773929588e-40	-0.285992287905043	0.991	0.998	6.58000882782444e-36
POU1F1	2.09467838159478e-40	-0.365186334833036	0.037	0.305	7.02534182403073e-36
NAV1	2.52478410330837e-40	0.351473303862509	0.791	0.555	8.46787340408595e-36
ARHGEF12	3.07861102867572e-40	0.291322616127842	0.77	0.508	1.03253535290755e-35
RFC3	3.09050665794759e-40	-0.345191437026341	0.471	0.654	1.03652502800904e-35
NDUFB6	3.09731085874162e-40	-0.343468312108035	0.92	0.967	1.03880708891335e-35
PSMG1	3.18430105508668e-40	-0.361958367813161	0.735	0.851	1.06798273086552e-35
DNAJC12	3.90617388017143e-40	-0.425462960554473	0.644	0.786	1.3100916576707e-35
HBA2	5.08844956541139e-40	-0.396134442927756	0.057	0.323	1.70661509974333e-35
SLCO3A1	5.270376791321e-40	0.274360407500212	0.395	0.163	1.76763167204115e-35
MINOS1	5.42667970795409e-40	-0.288580093721547	0.973	0.994	1.82005410725072e-35
TRIM44	7.29189088918221e-40	-0.436576100553431	0.867	0.902	2.44562728532282e-35
PPP1CC	7.30535754014235e-40	-0.325894909867706	0.956	0.974	2.45014386538834e-35
METRNL	9.06315505574499e-40	0.285623747516413	0.724	0.444	3.03969157414631e-35
SSR2	9.90050140165117e-40	0.409472107375038	0.996	0.987	3.32052916509979e-35
SH3PXD2A	1.61528815625584e-39	0.33054987591382	0.77	0.492	5.41751494726648e-35
NME4	1.75677673602603e-39	0.315643865737365	0.975	0.984	5.89205349495771e-35
UQCRC2	2.1716387707352e-39	-0.337464993880096	0.896	0.936	7.28345927316879e-35
EIF3H	2.6219009879009e-39	0.307573365105755	0.97	0.932	8.79359372332082e-35
ESYT1	3.45725020816569e-39	0.319381183485058	0.773	0.526	1.15952714731669e-34
PDCD5	3.46344252336851e-39	-0.298203735144418	0.97	0.995	1.16160398791256e-34
PCSK2	3.84189562300724e-39	-0.325222687620117	0.388	0.63	1.2885333730004e-34
PDE4A	3.99757804199421e-39	-0.266231647851399	0.115	0.389	1.34074769950444e-34
NOB1	4.23663317494897e-39	-0.340367300292834	0.414	0.625	1.42092440054614e-34
C19orf24	4.45852766386775e-39	-0.370945523341031	0.927	0.961	1.4953455931846e-34
TERF2IP	5.39853735722619e-39	-0.340450951630124	0.526	0.704	1.81061544424009e-34
NIP7	5.46836916663763e-39	-0.35578028131728	0.611	0.746	1.83403633479859e-34
HSPH1	6.95972238689172e-39	-0.434978467688973	0.894	0.941	2.33422129133961e-34
STEAP1	7.33760839244089e-39	-0.376915843731089	0.623	0.772	2.46096047874075e-34
TXNL4A	7.96524196102953e-39	0.308053513231383	0.956	0.947	2.6714625013097e-34
FARSA	8.20256490361589e-39	-0.357693143042136	0.804	0.875	2.75105824302373e-34
NDUFA5	8.24985049324507e-39	-0.310926425395446	0.92	0.96	2.76691735692946e-34
MRFAP1	8.36325820584644e-39	0.306738397908478	0.97	0.966	2.80495316965884e-34
OST4	1.01601841838208e-38	0.274856960730699	0.977	0.992	3.40762417341167e-34
VASP	1.02841275550183e-38	-0.425793998336936	0.566	0.691	3.44919354067758e-34
COX20	1.2565406908833e-38	-0.37942878604878	0.892	0.937	4.21431182315349e-34
MRPL42	1.26235786751477e-38	-0.323909238586572	0.929	0.974	4.2338220518578e-34
GPX4	1.4210042302842e-38	-0.315521812421907	0.993	0.998	4.76590608795016e-34
TIMP2	1.86353436704536e-38	0.338975291959902	0.896	0.718	6.25010791363343e-34
UAP1	2.03598502926845e-38	0.429295212429357	0.94	0.863	6.82849018966347e-34
CPNE3	2.41045949666901e-38	0.300536586545195	0.816	0.559	8.08444010587819e-34
IRF2BP2	2.74662479261447e-38	0.26177782928294	0.637	0.378	9.21190489194968e-34
CHMP2A	2.92803710511829e-38	0.335571674045585	0.887	0.712	9.82034364685623e-34
FKBP3	3.41504330165679e-38	-0.313626315743315	0.975	0.986	1.14537137294267e-33
NPW	3.59549769888741e-38	-0.897262691916117	0.566	0.754	1.20589397322985e-33
UGT3A2	3.96531950222644e-38	-0.515371657833642	0.694	0.808	1.32992850785172e-33
MT-CO2	4.02072702381081e-38	-0.251270170500081	0.998	0.998	1.34851163651591e-33
IMMP1L	4.10238375666958e-38	-0.317760161602462	0.549	0.71	1.37589848814941e-33
HSPD1	4.36106348318296e-38	-0.295287575536433	0.993	0.999	1.46265708162473e-33
MSI2	4.89227597939489e-38	-0.300227597854537	0.246	0.496	1.64082044072925e-33
OLFM3	4.89608742027136e-38	-0.411724493760836	0.499	0.683	1.64209875988481e-33
TIMP1	5.15884948222304e-38	-0.545456426424508	0.958	0.944	1.73022652784278e-33
PDLIM7	5.29195834644274e-38	0.327013656556524	0.828	0.642	1.77486990981343e-33
NDUFA6	5.90150245273662e-38	-0.324738307542149	0.95	0.986	1.97930490762334e-33
GOLGB1	6.48223619674826e-38	0.378448600189293	0.885	0.709	2.1740771980274e-33
BRD7	6.81403892807951e-38	-0.33445839338274	0.784	0.872	2.28536051608859e-33
NUTF2	8.30503126345563e-38	-0.343010855726272	0.912	0.947	2.78542443545038e-33
PRDX4	8.87768061736297e-38	-0.301319371725545	0.973	0.974	2.97748530225737e-33
MRPL54	1.01042874924671e-37	-0.336331527326209	0.913	0.958	3.38887698209853e-33
NDUFA12	1.12038225766092e-37	-0.301706265529013	0.966	0.989	3.75765005396895e-33
MCM3	1.18520076080159e-37	-0.439781922279005	0.855	0.913	3.97504483165246e-33
EGFLAM	1.37798920518289e-37	-0.256306869551924	0.064	0.327	4.62163799526289e-33
COCH	1.45127632020641e-37	-0.295709432117927	0.135	0.398	4.86743565034027e-33
POLR2C	1.52194034294616e-37	-0.325081008593693	0.612	0.737	5.10443571620711e-33
SAMD11	1.6389775711776e-37	0.288960833348627	0.604	0.331	5.49696687597254e-33
KRT10	1.6524903488653e-37	0.324542347902519	0.942	0.933	5.54228738105932e-33
MYADM	1.71116209930281e-37	0.25009381346028	0.503	0.25	5.73906656485168e-33
CDC42	2.02092649208389e-37	0.268242567850276	0.979	0.982	6.77798536180017e-33
PEA15	2.34196587415428e-37	0.258519005433267	0.683	0.422	7.85471934532604e-33
TSPAN13	2.3522075457388e-37	0.393763138885798	0.924	0.796	7.88906888765335e-33
FBLIM1	2.82822974932204e-37	0.259396558685161	0.683	0.41	9.4855997562512e-33
LINC01116	2.89023138847417e-37	-0.291884943831829	0.145	0.405	9.69354705380352e-33
KIF5B	3.28924155135631e-37	-0.404881395927779	0.915	0.946	1.10317872390939e-32
KANK2	3.58773221675253e-37	-0.316173514715755	0.37	0.598	1.20328950817663e-32
MTR	4.12676587138264e-37	0.326276711430252	0.805	0.561	1.38407600560302e-32
MICU2	4.57230933129984e-37	-0.310055655538992	0.512	0.683	1.53350682662465e-32
RPF2	5.53025306471168e-37	-0.336241094937595	0.791	0.861	1.85479157537365e-32
SUB1	5.93544402433807e-37	-0.328998399808024	0.972	0.997	1.99068857132275e-32
RPL9	6.15727329889977e-37	0.273721126033818	1	0.999	2.06508789171799e-32
COMMD9	6.34216238147062e-37	-0.328147584698164	0.74	0.837	2.12709784112143e-32
BCAT2	6.93532056748301e-37	-0.34248552891042	0.561	0.699	2.32603716512813e-32
MRPS25	8.19658744823281e-37	-0.352905802824775	0.837	0.911	2.7490534642628e-32
ILF3	9.10719481931265e-37	-0.317024004282517	0.961	0.985	3.05446207044927e-32
POLR2B	9.76357318299673e-37	0.30088532907542	0.823	0.625	3.27460480984527e-32
GPR137B	9.7916098141268e-37	0.251765183751845	0.612	0.329	3.28400801555999e-32
TUSC2	1.21813707278611e-36	0.279152472599002	0.853	0.653	4.08550992841732e-32
HSPA1A	1.32347294520541e-36	-0.629148289238349	0.517	0.697	4.43879591092442e-32
CMC2	1.61435514985276e-36	-0.335276242080951	0.662	0.789	5.41438573709116e-32
PIN1	1.70155638217842e-36	-0.312193268952882	0.954	0.988	5.70684995018819e-32
FAM43A	2.03127537443187e-36	0.434544214075702	0.586	0.348	6.81269447830704e-32
PCNA	2.15490989652629e-36	-0.438584544339969	0.818	0.904	7.22735230195954e-32
FAM107B	2.25813849178238e-36	-0.329357702210517	0.324	0.542	7.57357068758893e-32
MT-ND3	2.39930196620335e-36	-0.391166565864105	0.996	0.994	8.04701886444941e-32
MTHFD2	2.95780644980263e-36	-0.3637632444146	0.719	0.822	9.92018705199305e-32
MTUS1	3.64251520448516e-36	-0.251622817919943	0.104	0.368	1.22166317443228e-31
KHSRP	3.65848802825971e-36	-0.345040992768638	0.857	0.899	1.22702029979802e-31
FARP1	4.12797903148573e-36	0.291688576345662	0.758	0.52	1.38448288737e-31
ATP5PB	4.15296873439749e-36	-0.291976788638608	0.961	0.98	1.39286418382957e-31
DHFR	4.15640037772242e-36	-0.377598759503521	0.837	0.915	1.39401512268432e-31
TFAM	4.17541057735564e-36	-0.339331108936925	0.804	0.879	1.40039095353931e-31
PGRMC2	4.47732588578984e-36	0.340018129772775	0.786	0.542	1.50165032883505e-31
HEATR1	4.62034758083112e-36	0.303077447333493	0.841	0.618	1.54961837513495e-31
MBOAT7	4.98759242586591e-36	0.251726845955607	0.653	0.392	1.67278862371117e-31
SNRPF	5.09827866572768e-36	-0.275284942408776	0.979	0.997	1.70991168169841e-31
MYL12A	6.03739966047799e-36	0.341964479698883	0.988	0.996	2.02488347212771e-31
LHFPL6	9.17577787731014e-36	-0.365183771986765	0.552	0.699	3.07746414227105e-31
RNF126	9.4829944477411e-36	-0.332355210077642	0.759	0.83	3.18050150782789e-31
PFDN4	1.08243708849668e-35	-0.34470256717593	0.892	0.939	3.63038575110903e-31
TRMT112	1.25328047451376e-35	-0.312186430039839	0.965	0.993	4.20337738347169e-31
NUDCD2	1.2833012005238e-35	-0.334784194088218	0.851	0.915	4.30406389643677e-31
ANXA1	1.40148172217134e-35	0.508100575825092	0.986	0.971	4.70042954799046e-31
COPS3	1.42416486762732e-35	-0.327515142274599	0.873	0.917	4.77650654953526e-31
POLR3K	1.61587342115678e-35	-0.347299505063244	0.83	0.906	5.41947786721771e-31
LMO2	1.69828910432959e-35	-0.304992700995796	0.085	0.342	5.695891827011e-31
MRPS34	2.34602556995617e-35	-0.288634445327723	0.965	0.989	7.868335159076e-31
BEX4	2.61863635903986e-35	0.305321291484398	0.855	0.644	8.78264448458377e-31
MCM7	2.73570282287868e-35	-0.360986822089749	0.851	0.93	9.17527369765282e-31
ETV1	2.93040057541288e-35	-0.250690909197852	0.126	0.378	9.82827048987726e-31
ECSIT	3.34628826579575e-35	-0.305085692374887	0.428	0.617	1.12231162146524e-30
COX6C	3.87712618187226e-35	0.269422902829217	0.977	0.99	1.30034935013814e-30
PRDX3	3.97428500065314e-35	-0.305040914626018	0.961	0.982	1.33293544636906e-30
FABP5	4.39583344348025e-35	0.385902335998494	0.975	0.962	1.47431857860884e-30
CKAP4	4.50024921182854e-35	0.345502544230184	0.922	0.789	1.50933858315517e-30
LOXL1	5.32620465191865e-35	-0.36573935772811	0.361	0.573	1.78635577820699e-30
TRAPPC2L	5.46724519700481e-35	-0.318724675348987	0.89	0.928	1.83365936662344e-30
RBX1	8.03770691872532e-35	-0.266589015550565	0.973	0.995	2.69576652347129e-30
DCUN1D5	8.6938916267463e-35	0.309073880749818	0.956	0.91	2.91584431269444e-30
TCP1	9.09537952076267e-35	-0.294433059281396	0.965	0.992	3.05049933746859e-30
PUM3	1.01540752899935e-34	-0.357694058639982	0.688	0.791	3.40557531151092e-30
STIP1	1.09334440358872e-34	-0.367841385120503	0.954	0.969	3.66696779519619e-30
RTN4	1.20864005621418e-34	0.373516071981906	0.989	0.986	4.05365788453674e-30
DAPK3	1.22385317091707e-34	0.251998269973262	0.701	0.464	4.10468114993876e-30
VMA21	1.27124431622444e-34	0.298746810111468	0.942	0.835	4.26362631218514e-30
AK7	1.45361204283954e-34	-0.420531512318288	0.094	0.348	4.87526943047953e-30
C8orf59	1.63325461468228e-34	0.308439862285637	0.901	0.816	5.47777265218292e-30
SMS	1.76093898175531e-34	0.382607027003834	0.936	0.937	5.90601325090912e-30
GATA2	2.09740634279955e-34	0.275278548317539	0.556	0.303	7.03449113311542e-30
ZC3H13	2.58772574312268e-34	-0.498846978781342	0.986	0.988	8.67897336985917e-30
DGCR6L	3.50362661085083e-34	0.279185244327973	0.896	0.764	1.17508132901326e-29
RPA2	3.6566230946262e-34	-0.326558834326411	0.759	0.843	1.22639481970668e-29
NDUFAF3	3.7196604040606e-34	0.282844530554394	0.887	0.706	1.24753690291788e-29
TRAPPC4	4.01019073632139e-34	0.270872827343906	0.88	0.701	1.34497787105483e-29
RAB4A	6.24464450287469e-34	0.283998772657489	0.835	0.645	2.09439131981914e-29
PPM1G	7.842112930034e-34	-0.308958922156996	0.97	0.984	2.6301662556041e-29
TYMS	1.01928233620091e-33	-0.404787788891908	0.805	0.935	3.41857102738422e-29
DUSP6	1.1723814964512e-33	-0.377498675253477	0.474	0.673	3.9320503009477e-29
ZNF281	1.21507906795929e-33	0.270264401265113	0.788	0.564	4.07525368602865e-29
RSL24D1	1.34148214257515e-33	-0.305751659765261	0.935	0.977	4.49919695798278e-29
MFGE8	1.55688047424011e-33	0.371724899046663	0.823	0.624	5.22162142255389e-29
NDUFS6	1.65682071636059e-33	-0.31124619438558	0.977	0.996	5.5568110006018e-29
CARHSP1	1.79294895383899e-33	-0.313377995864002	0.97	0.996	6.01337149628058e-29
PFN2	1.80694614066593e-33	-0.325321304618595	0.793	0.862	6.06031666117947e-29
PCCA	3.08336046403551e-33	-0.2784924524922	0.131	0.366	1.03412826603287e-28
CCDC82	4.01426063439219e-33	0.259235614299115	0.68	0.424	1.3463428741688e-28
CMC1	4.24973075938136e-33	-0.328763156975429	0.777	0.861	1.42531719938891e-28
PGLYRP2	4.3129010688612e-33	-0.328627711848459	0.143	0.392	1.44650388948536e-28
STT3A	4.46486297053948e-33	0.257916363087696	0.747	0.491	1.49747039168924e-28
EIF4A1	4.51830583184682e-33	-0.294410821317109	0.996	0.993	1.5153945929431e-28
AC004148.2	5.20692997300287e-33	-0.295875475067744	0.526	0.657	1.74635224364543e-28
HAUS8	5.55435921076246e-33	-0.287361847747879	0.421	0.601	1.86287653569762e-28
BOD1L1	6.61865202093061e-33	0.300991745956575	0.929	0.772	2.21982970129992e-28
FUOM	7.83900394803312e-33	0.273509404069894	0.805	0.591	2.62912353413083e-28
MT-ATP6	8.46875804386197e-33	-0.420390381107258	0.998	0.997	2.84033676033086e-28
ATP5F1A	8.60104312113876e-33	-0.277544959234059	0.968	0.988	2.88470385239873e-28
SNRPD1	9.11476669799302e-33	-0.26288906877724	0.986	0.996	3.05700160283988e-28
MYDGF	9.83586422322647e-33	-0.310581198013196	0.977	0.985	3.29885050182792e-28
TMA16	1.00738928008959e-32	-0.317385127323647	0.858	0.927	3.37868290649248e-28
PSMA1	1.06887473616533e-32	-0.292804448743793	0.956	0.989	3.58489897762489e-28
BNIP3L	1.16970326948503e-32	0.300640018009975	0.917	0.822	3.92306779552586e-28
BMPR2	1.4735142059279e-32	0.255570315496017	0.623	0.381	4.94201929526157e-28
PHLDA2	1.47845956908579e-32	-0.497745652711268	0.149	0.381	4.95860554875684e-28
KIAA1217	1.6829516010806e-32	-0.259840242948589	0.177	0.432	5.64445137486421e-28
DERA	1.71888178779334e-32	-0.281035325770306	0.455	0.634	5.7649576280801e-28
QSER1	1.80041844893878e-32	-0.345735452224484	0.501	0.66	6.03842343589578e-28
SUN2	2.38860978995531e-32	0.258177945488604	0.55	0.307	8.01115837453112e-28
RAB5C	2.49586077988455e-32	0.289628272155613	0.908	0.834	8.37086746965478e-28
NFIC	2.80199600854519e-32	-0.340801914866626	0.842	0.894	9.39761441305971e-28
GTF2H5	2.84039035194499e-32	0.293169008670992	0.945	0.911	9.52638520138832e-28
ATP6V1G1	3.02840765299554e-32	-0.289168839761595	0.956	0.99	1.01569764273817e-27
ATP5PO	3.91755781774862e-32	-0.270292391447082	0.982	0.992	1.31390971649471e-27
ATIC	4.20084351104189e-32	-0.320154267410677	0.832	0.87	1.40892090516834e-27
ACTN4	4.21237969629754e-32	0.293260923813654	0.958	0.884	1.41279002634123e-27
AES	5.10460785415038e-32	-0.303292943922148	0.956	0.987	1.7120344282035e-27
TMEM243	5.29991606760119e-32	-0.279860164529138	0.375	0.573	1.77753884991276e-27
EXOSC4	6.83627368436676e-32	-0.325147935294864	0.715	0.827	2.29281783099977e-27
LBH	9.58137917350029e-32	0.453090912339371	0.844	0.652	3.21349876100026e-27
CUL5	9.97199161505439e-32	0.268672493683847	0.842	0.638	3.34450626777309e-27
DPP7	9.99109963197688e-32	0.315243113412506	0.888	0.73	3.35091490556873e-27
PHF6	1.04128143724368e-31	0.278019231904157	0.929	0.824	3.49235381237159e-27
COMMD6	1.05121612281921e-31	0.288806952789288	0.915	0.806	3.52567375432334e-27
SLC26A2	1.11956995709974e-31	-0.493110507985067	0.635	0.741	3.7549256791168e-27
PRRC2C	1.13794994039944e-31	0.280146660551483	0.993	0.992	3.81657030510568e-27
NIN	1.14677804691013e-31	0.308250750100099	0.77	0.553	3.84617889153188e-27
ADD1	1.19920024374813e-31	0.250788495379404	0.818	0.601	4.02199769750685e-27
CCDC171	1.24659945011908e-31	-0.365418887452907	0.375	0.584	4.18096989575437e-27
PGAM1	1.32504420289564e-31	-0.265235200153008	0.981	0.995	4.44406575209169e-27
CARD8	2.18304708140612e-31	-0.266357747651703	0.319	0.531	7.32172160632798e-27
CACYBP	2.260331309304e-31	-0.296434476937923	0.961	0.986	7.58092517827469e-27
SF3A1	2.41538362562704e-31	-0.302379910494512	0.628	0.739	8.10095514199053e-27
DCTPP1	2.93336782144658e-31	-0.340398844809133	0.876	0.937	9.8382223363497e-27
TSPAN6	3.07145486553613e-31	0.256403688728442	0.837	0.633	1.03013524735216e-26
PDHA1	4.97687951335296e-31	-0.288241033277623	0.874	0.929	1.66919561998345e-26
PGLS	5.42408853250258e-31	-0.320747492807009	0.927	0.968	1.81918505291604e-26
LIN7C	6.38610646829826e-31	-0.287649207534979	0.506	0.66	2.14183624840255e-26
H2AFZ	7.36112202731811e-31	0.359780126421505	1	1	2.46884671674222e-26
TMEM37	9.92350867287526e-31	-0.26366322635471	0.276	0.505	3.32824557379563e-26
PYURF	1.11500030659566e-30	0.263274274770781	0.904	0.779	3.73959952829119e-26
IMP3	1.13967948316122e-30	-0.305618290806198	0.873	0.908	3.82237101857442e-26
ACTL6A	1.15471374422745e-30	-0.302339506578553	0.791	0.884	3.87279442676444e-26
ADRB1	1.18394235136302e-30	-0.302176136115003	0.342	0.554	3.97082425223645e-26
DHCR24	1.2555153363863e-30	0.334308259087977	0.878	0.708	4.21087288670601e-26
TIPIN	1.32116803149226e-30	-0.317575796106601	0.531	0.698	4.43106546082187e-26
ARMCX6	2.24970497319667e-30	0.261705712624774	0.747	0.515	7.54528550960432e-26
EXOSC5	2.29882279448596e-30	-0.287167613323549	0.563	0.692	7.71002177042647e-26
MPHOSPH10	2.31181896877715e-30	-0.299974504486048	0.775	0.855	7.75360963938168e-26
ETV5	2.43147659847818e-30	-0.270313990256695	0.25	0.464	8.15492936363598e-26
ZNF217	2.86624087437375e-30	0.302385510818388	0.685	0.459	9.61308526856213e-26
GMNN	3.17556955828632e-30	-0.32315128798305	0.786	0.895	1.06505427415365e-25
DCXR	3.39101081123443e-30	-0.333589696451098	0.862	0.915	1.13731111597991e-25
STAG2	3.44361452107822e-30	0.330261869138759	0.945	0.875	1.15495387422442e-25
TAF1D	3.46549672918442e-30	0.30892295812201	0.924	0.803	1.16229294800116e-25
WDR18	3.50605843281686e-30	-0.281912859629196	0.72	0.803	1.17589693778245e-25
DNAJA3	3.96996584794887e-30	-0.306991841587743	0.552	0.683	1.33148684574357e-25
COA3	4.16949926223141e-30	0.257513397184697	0.899	0.779	1.39840835755979e-25
FAM162A	4.3799804134536e-30	-0.308223664044874	0.858	0.921	1.4690016308682e-25
GTF2F2	5.19731123376622e-30	-0.289220026191005	0.69	0.776	1.74312621469285e-25
SEC11C	6.66882896670709e-30	-0.320614842144584	0.926	0.945	2.23665854714389e-25
SRSF2	6.69647542249821e-30	-0.280943929546094	0.97	0.991	2.24593089195167e-25
PLGRKT	6.7710131055258e-30	-0.275075953622018	0.483	0.641	2.2709300854623e-25
DEGS1	7.50662942238684e-30	0.314412499013923	0.92	0.805	2.51764844197432e-25
TMEM160	7.52459200512955e-30	0.27572224974481	0.97	0.933	2.5236729126004e-25
PDCD2	7.70871387957675e-30	-0.305250147440971	0.871	0.905	2.58542554807125e-25
SRA1	7.89129466268691e-30	-0.29411826626844	0.823	0.875	2.64666131691856e-25
GAS1	8.41967261813548e-30	0.415667598390451	0.758	0.552	2.82387399939646e-25
CRNDE	8.57845267802918e-30	-0.30485112718772	0.581	0.693	2.87712724368421e-25
TMEM98	8.66385905343076e-30	0.290779573285895	0.867	0.725	2.90577168793014e-25
DYNLL1	1.54765743202714e-29	-0.268454856288859	0.991	0.999	5.19068826127582e-25
SLC1A5	1.54795847577833e-29	-0.285140919186767	0.673	0.788	5.19169793191294e-25
SVIP	1.66175465200278e-29	-0.316218573024967	0.589	0.706	5.57335892735213e-25
RAD18	1.91305599480374e-29	0.272516959475617	0.74	0.534	6.41619850097228e-25
PDXK	2.18720872526902e-29	-0.320890764249514	0.628	0.729	7.33567934367975e-25
CMSS1	2.76486129807367e-29	-0.271256061036439	0.869	0.926	9.27306830760929e-25
C12orf10	3.32751684793239e-29	-0.293083206841387	0.782	0.866	1.11601587562804e-24
PRIM1	3.71203000101406e-29	-0.268770866770911	0.43	0.612	1.24497774204011e-24
FAM192A	4.00487829185002e-29	-0.273047085409594	0.595	0.729	1.34319613030358e-24
TECR	4.12856256737584e-29	-0.272905728938546	0.961	0.971	1.38467859947218e-24
LMNA	4.2647416605212e-29	0.403927430469533	0.966	0.937	1.4303517055222e-24
SLC39A3	4.55731900733097e-29	-0.268995428978278	0.602	0.733	1.52847922186873e-24
SUCLG1	5.75418615155195e-29	-0.278878744556302	0.855	0.899	1.92989649336901e-24
ATP11B	5.91899336024719e-29	0.250012347664682	0.616	0.382	1.9851711830933e-24
TAX1BP3	5.99395965441752e-29	0.256525424148833	0.869	0.692	2.01031412849509e-24
NPY	6.76004620115858e-29	0.354893965661808	0.301	0.129	2.26725189540658e-24
SLC25A1	6.81667926343348e-29	0.285101902012608	0.862	0.731	2.28624605816296e-24
POGZ	7.6615430601226e-29	0.263775013578723	0.812	0.586	2.56960492693452e-24
CFAP20	8.9580411964683e-29	-0.257092182759166	0.435	0.603	3.0044374368835e-24
ACTR3	9.07293489287622e-29	0.264452844456002	0.959	0.927	3.04297163372175e-24
FDFT1	9.3395574746504e-29	0.332020785805382	0.936	0.873	3.132394181423e-24
CCT4	9.76059071520117e-29	-0.267789788191024	0.972	0.993	3.27360451997132e-24
SLC38A2	1.07178757002166e-28	0.368803046574121	0.915	0.768	3.59466833109565e-24
HELLS	1.17474526928674e-28	-0.352100701687384	0.724	0.845	3.93997815866081e-24
EPC1	1.17526185864162e-28	-0.269597503299016	0.503	0.663	3.94171074769812e-24
YME1L1	1.47711478135005e-28	-0.285732944537187	0.71	0.805	4.95409526516994e-24
YPEL5	1.75649589982008e-28	0.30433721425267	0.869	0.662	5.89111159840657e-24
CWC15	1.98244407097902e-28	0.274048592422131	0.927	0.856	6.64891916965655e-24
EIF4A2	2.12792255510941e-28	-0.267310577549444	0.94	0.962	7.13683945758144e-24
NDUFB4	2.42877870242769e-28	-0.26360427433211	0.975	0.993	8.14588089007224e-24
AKAP7	2.55776504035486e-28	-0.272031861129694	0.66	0.787	8.57848816884616e-24
SMC6	2.73316849803047e-28	-0.294011262720543	0.543	0.686	9.1667738255444e-24
RIOK1	3.58970513871258e-28	-0.293769473870338	0.634	0.745	1.20395120647281e-23
USO1	4.33472436891915e-28	0.265667014130677	0.832	0.616	1.45382320609179e-23
YWHAH	4.61636604831363e-28	0.310370697320723	0.963	0.944	1.54828300894391e-23
CCNB1IP1	5.11858191113122e-28	-0.288380957008482	0.758	0.83	1.7167211871743e-23
SNRPA1	5.77038166920902e-28	-0.306877605468188	0.917	0.947	1.93532830803601e-23
SNRPD2	7.82732870247542e-28	-0.256342211643909	0.972	0.996	2.62520777352323e-23
CD320	8.68530096358793e-28	-0.258198599691176	0.981	0.982	2.91296309017776e-23
ARL14EP	9.47933798282053e-28	-0.298782433004026	0.712	0.81	3.17927516605818e-23
DNAJC2	1.08954830047692e-27	-0.311849895307472	0.887	0.908	3.65423604496956e-23
MDFI	1.09616953965717e-27	-0.324617198629348	0.881	0.929	3.67644301905619e-23
CEP78	1.27339420335347e-27	0.310950641412029	0.837	0.71	4.27083681862719e-23
CDC37	1.2892602571413e-27	-0.261784950958393	0.935	0.961	4.3240499764262e-23
CHCHD10	1.3438651737003e-27	-0.337479107569099	0.896	0.935	4.50718940607342e-23
MRPL15	1.37592795475081e-27	-0.282746820329262	0.915	0.953	4.61472476743875e-23
CYB5B	1.43183305626474e-27	-0.266009327234379	0.639	0.75	4.80222488740632e-23
BZW2	1.8076134017704e-27	-0.28677992591809	0.931	0.951	6.06255458819775e-23
HMGCS1	2.00328470707959e-27	0.374211559807548	0.715	0.509	6.71881657907423e-23
TCAF1	2.36903837293633e-27	0.310117972098798	0.846	0.694	7.94551779899115e-23
DUSP1	2.52288103316686e-27	0.313677950730309	0.476	0.278	8.46149069713832e-23
WDFY2	3.75492169391704e-27	-0.272861402751081	0.573	0.707	1.25936318692283e-22
NDUFB5	4.60010802682411e-27	-0.251748715421844	0.931	0.954	1.54283023111654e-22
C4orf3	5.09522741798501e-27	0.273817515616554	0.917	0.839	1.70888832371799e-22
PHB2	5.09641344896841e-27	-0.263376898547975	0.961	0.981	1.70928610664951e-22
DPYSL2	5.50533681828453e-27	-0.32362990777605	0.92	0.959	1.84643491548445e-22
COX11	6.80967537170166e-27	-0.280755356641944	0.775	0.848	2.28389702291502e-22
PSME2	7.9040381686935e-27	-0.312236493146048	0.825	0.862	2.65093536139811e-22
TARS	9.40148671145291e-27	-0.320985283610606	0.86	0.877	3.15316462815419e-22
NAXE	9.65676607017787e-27	0.252069747282633	0.931	0.885	3.23878277227696e-22
RPL17	1.05353488988801e-26	-0.258156151693698	0.961	0.985	3.53345066719541e-22
FRG2	1.16820745187427e-26	-0.417265480423997	0.051	0.251	3.91805097284111e-22
TATDN1	1.25370026865646e-26	-0.276143031485693	0.786	0.848	4.20478533104692e-22
RRM1	1.26701833284299e-26	-0.304701662171973	0.782	0.87	4.24945278652211e-22
C19orf48	1.2845653206526e-26	-0.294329720322601	0.788	0.863	4.30830362893677e-22
NTNG1	1.30693505471071e-26	-0.277175268127335	0.488	0.65	4.38332947999424e-22
CMAS	1.48597787831454e-26	-0.26146539477504	0.579	0.705	4.98382120607914e-22
CALM2	1.59393038649015e-26	-0.32702678421654	0.979	0.992	5.3458831232493e-22
BCAP31	1.68701384067038e-26	0.329830714122047	0.979	0.955	5.65807572022438e-22
SQLE	1.72511087112621e-26	0.384317340201322	0.92	0.808	5.78584935067021e-22
TMCO1	2.02797740734355e-26	0.320057192205383	0.973	0.937	6.80163342648953e-22
DAPK1	2.0648236951607e-26	-0.278940506328842	0.49	0.656	6.92521219119948e-22
CDC34	2.23037856083618e-26	-0.275821354604238	0.745	0.826	7.48046665518847e-22
CEP350	2.26787703978591e-26	0.30335252649727	0.841	0.668	7.60623280373795e-22
HAT1	2.8331406433372e-26	-0.26375094001582	0.807	0.872	9.50207040368865e-22
FEN1	3.63788602946289e-26	-0.305775632702865	0.724	0.82	1.22011059542156e-21
IFI16	4.20625830400612e-26	-0.279772541032136	0.756	0.848	1.41073697258061e-21
KLF2	4.73901582326917e-26	0.314192464811199	0.465	0.259	1.58941851696625e-21
ETFB	4.81470380974565e-26	-0.30136563474955	0.878	0.907	1.61480351075059e-21
LSM6	5.09021057094957e-26	-0.282507952187931	0.858	0.909	1.70720572339077e-21
MED4	5.55048784353957e-26	-0.260925898900129	0.612	0.71	1.86157811784474e-21
VMP1	5.96748205366214e-26	0.393272398915403	0.876	0.736	2.00143380597774e-21
TIMM10	6.33077307772465e-26	-0.284389487263526	0.935	0.962	2.12327798253807e-21
BUD23	1.00668529820045e-25	-0.270172236966931	0.894	0.915	3.3763218216345e-21
POLR2H	1.21308478409938e-25	-0.271442987562209	0.899	0.945	4.06856505739093e-21
BDP1	1.45054892477526e-25	-0.350489580379781	0.846	0.896	4.86499603880374e-21
TGS1	1.87632520970694e-25	-0.278250311977229	0.759	0.831	6.2930071208361e-21
ZNF326	1.98203713753065e-25	-0.276242391462745	0.864	0.923	6.64755435556405e-21
SSRP1	2.75459044445002e-25	-0.290751769671929	0.945	0.97	9.23862089164093e-21
PCLAF	3.09612567707082e-25	-0.344213311346012	0.917	0.969	1.03840959083278e-20
RHOC	3.5276513373896e-25	0.275892461611643	0.814	0.657	1.1831389820471e-20
NTHL1	3.6021358250405e-25	-0.26548926002911	0.779	0.857	1.20812033436033e-20
GABPB1-AS1	4.31327420028474e-25	-0.318966919761102	0.828	0.891	1.4466290340335e-20
DNAJC21	5.38885313008954e-25	-0.297691087307738	0.715	0.803	1.80736745130073e-20
BRCA2	6.06831151731241e-25	-0.273657052391357	0.412	0.579	2.03525099979141e-20
DHPS	6.08928823564114e-25	-0.269563181004624	0.673	0.771	2.04228638135168e-20
GNAQ	6.10899900807565e-25	0.25979471242917	0.837	0.702	2.04889717731849e-20
ANKRD26	6.75418286101267e-25	-0.25809708368089	0.434	0.577	2.26528538975504e-20
ELOF1	9.96724713753143e-25	-0.260821346377649	0.8	0.84	3.34291501745667e-20
UBE2E3	1.02108942897165e-24	-0.284407134292061	0.754	0.85	3.42463183582803e-20
KIDINS220	1.29205496297825e-24	0.260988569565125	0.827	0.624	4.33342314033277e-20
PSMC6	1.37905525930749e-24	-0.255157411730672	0.908	0.936	4.6252134341914e-20
MPHOSPH6	1.38531966200157e-24	-0.250097745331907	0.667	0.771	4.64622361438707e-20
PKIB	1.43133848274923e-24	-0.278528397243171	0.127	0.328	4.80056613729263e-20
AARS	1.65764360892233e-24	-0.250655863036886	0.474	0.605	5.5595708999646e-20
AK3	1.89503855993966e-24	-0.281580764336904	0.664	0.764	6.35576982618162e-20
TRPM4	2.02477855354859e-24	-0.373826746070143	0.873	0.918	6.79090479074663e-20
DENR	2.35282653357639e-24	-0.2658299772927	0.933	0.954	7.89114491096185e-20
CD46	2.75953820812165e-24	0.303262502025114	0.869	0.698	9.25521519621921e-20
WDR74	2.90853170057099e-24	-0.271986299962005	0.713	0.782	9.75492447054505e-20
MTIF3	4.54405457921694e-24	-0.261823899994716	0.563	0.692	1.52403046532357e-19
TERF1	5.36655100511802e-24	0.404503465263249	0.874	0.802	1.79988754160653e-19
PFDN2	5.58366295569538e-24	-0.266600492122694	0.975	0.994	1.87270471871067e-19
PNP	6.93566818283941e-24	-0.253209580355808	0.43	0.572	2.32615375184251e-19
RPL22L1	7.84478551797362e-24	-0.266739661063756	0.768	0.825	2.63106261487317e-19
ZNF704	9.36343576411344e-24	0.313853637320311	0.844	0.698	3.14040272092601e-19
ILF3-DT	1.27878839568985e-23	-0.26471869335818	0.458	0.598	4.28892840030419e-19
UTP18	1.61939059701829e-23	-0.258023771857502	0.75	0.841	5.43127412333965e-19
PAXX	1.73731090477783e-23	-0.265977029502889	0.83	0.879	5.82676704353437e-19
STRBP	1.7756329562776e-23	-0.266328986830807	0.717	0.778	5.95529537205945e-19
SRSF4	2.14849177386061e-23	-0.267401725375546	0.888	0.925	7.20582656035111e-19
NUP160	3.14896476217143e-23	-0.267653934500119	0.552	0.656	1.05613129158468e-18
NDUFAF4	3.52102757929815e-23	-0.27355562929711	0.75	0.83	1.18091743982081e-18
COL1A2	5.00623348925442e-23	0.284251373432616	0.696	0.459	1.67904064996104e-18
RAB8A	5.82066438495915e-23	-0.257168083659761	0.874	0.918	1.95219262807145e-18
PAPOLA	5.94800764601969e-23	-0.277029453224864	0.965	0.974	1.99490228439854e-18
DEK	9.58075060829335e-23	-0.273257183914604	0.972	0.985	3.21328794651551e-18
PGRMC1	1.37998111862027e-22	0.299550853433071	0.981	0.965	4.62831867374052e-18
ATP6AP1	1.44492647573214e-22	0.250099524200748	0.825	0.659	4.84613890695801e-18
SNRPA	1.51318985270117e-22	-0.280741150154496	0.841	0.892	5.07508744697444e-18
DDA1	1.82199327574133e-22	-0.252341622481698	0.796	0.839	6.11078324750886e-18
PTTG1	2.12110935094891e-22	-0.436694595914044	0.805	0.901	7.11398865214755e-18
BAMBI	2.73758257581245e-22	0.283400346319292	0.63	0.42	9.18157820101736e-18
ARID1B	3.52187386815208e-22	0.306725287275812	0.873	0.737	1.18120127663953e-17
ADRM1	6.8873006287426e-22	-0.260954878581394	0.95	0.973	2.30993175787398e-17
TES	7.61911492489226e-22	0.336361977555239	0.811	0.663	2.55537495465962e-17
MRPL17	8.16797222930698e-22	-0.258348372771851	0.92	0.955	2.73945620598727e-17
RAD21	9.83370004661801e-22	0.272646042030326	0.919	0.823	3.29812465863522e-17
PRAC2	2.55945933209692e-21	-0.260797229914815	0.404	0.548	8.58417065391986e-17
JUND	3.55443895291628e-21	-0.275222543920847	0.949	0.974	1.19212328041859e-16
TRMT9B	4.47169551296581e-21	-0.266308147802608	0.602	0.734	1.4997619580936e-16
SLC7A5	4.64976765874187e-21	0.3446182466869	0.811	0.691	1.55948557506544e-16
MEX3A	7.98298287466523e-21	0.255547359102957	0.887	0.766	2.67741262633397e-16
PSME1	1.17179911467439e-20	-0.283973629960079	0.772	0.816	3.93009705070645e-16
PKIG	1.29374446856714e-20	-0.291692964393023	0.694	0.745	4.33908957312732e-16
MRPL36	1.41442370989827e-20	-0.271652180944342	0.924	0.96	4.74383568062782e-16
PGF	1.64349861089693e-20	-0.263950235367354	0.076	0.251	5.51212999108722e-16
PSMC4	1.8012515258828e-20	-0.263875334288809	0.94	0.957	6.04121749265834e-16
LRRC59	2.2372572574439e-20	-0.267174683713324	0.901	0.931	7.50353711574108e-16
PSAT1	2.63296069116193e-20	-0.250767638323434	0.639	0.733	8.83068686208799e-16
SH3BGRL3	2.90868559690618e-20	0.272566275644792	0.972	0.99	9.75544062346363e-16
FDX1	3.27154044584736e-20	-0.299922987175541	0.91	0.935	1.09724195013275e-15
DYNC1LI1	4.19131624642765e-20	-0.25466474821391	0.864	0.897	1.40572555588937e-15
ITM2C	5.18515809834706e-20	-0.259275004179599	0.763	0.812	1.73905017460462e-15
HMGA2	7.52535475108994e-20	-0.302386503903164	0.621	0.697	2.52392872996805e-15
PBK	7.96227691198125e-20	-0.259309480226213	0.619	0.768	2.67046805350939e-15
RABAC1	1.09423201465578e-19	0.2858054902795	0.989	0.971	3.66994475395402e-15
GGCT	1.29041763032929e-19	-0.255870344690046	0.853	0.916	4.3279316903614e-15
ATAD2	1.4724717398425e-19	-0.268282453954584	0.733	0.843	4.93852296825775e-15
DNAJB1	1.48957788709451e-19	-0.253909299946389	0.616	0.712	4.99589527552629e-15
FNBP4	1.94980390504808e-19	-0.256841486569591	0.816	0.851	6.53944731714075e-15
ID2	2.23618205162496e-19	0.328395970004166	0.952	0.945	7.49993098294497e-15
CENPV	2.3322381522719e-19	0.264622716158973	0.86	0.797	7.82209353890473e-15
MCM5	2.71612457609162e-19	-0.278780517580723	0.681	0.765	9.10961021575369e-15
RRM2	5.42530910593824e-19	-0.293746774867483	0.722	0.862	1.81959442104063e-14
DDR2	6.11195177801433e-19	0.283639371625663	0.896	0.762	2.04988750682822e-14
DDX39A	6.18577359017516e-19	-0.256935626875446	0.811	0.891	2.07464660440885e-14
CAV1	2.40676628576564e-18	0.316338254405711	0.996	0.999	8.07205344582938e-14
ANKRD11	3.39263592342837e-18	-0.254556432365369	0.935	0.948	1.13785616235864e-13
TRAM1	5.25792568090015e-18	0.253030107405302	0.922	0.833	1.7634556941171e-13
MSMO1	1.4182403340132e-17	0.353773833586935	0.816	0.692	4.75663625624686e-13
HMMR	1.69095881806263e-17	-0.317355866910309	0.508	0.65	5.67130677990026e-13
CST3	2.49584330064021e-17	-0.275103132416755	0.862	0.869	8.37080884601718e-13
PSMD12	2.54103731488979e-17	-0.257260264879585	0.936	0.952	8.52238505040886e-13
SLCO5A1	2.8787318634272e-17	0.272633567012952	0.878	0.784	9.65497879674849e-13
NR2F2	2.91211308910805e-17	-0.35140612968716	0.858	0.875	9.7669360895595e-13
BLVRB	6.19010179913637e-17	-0.321678208719483	0.701	0.77	2.07609824241235e-12
ID1	1.0693273886289e-16	0.350656916422879	0.768	0.663	3.58641712872246e-12
HLA-C	5.7780114222819e-16	0.255266107185158	0.812	0.669	1.93788725091913e-11
LBR	8.44396609744639e-16	0.254058727161796	0.869	0.732	2.83202178942255e-11
CLSPN	3.08620140818356e-15	-0.257578774065792	0.717	0.801	1.03508109029068e-10
SYT1	4.1957248788904e-15	-0.283340630012286	0.596	0.682	1.40720416713105e-10
TUBA1A	6.46036750903479e-15	0.493165968033707	0.981	0.981	2.16674265885518e-10
FAM133B	2.11306028544702e-14	0.262171835427538	0.906	0.837	7.08699289136076e-10
BTG1	2.757111585204e-14	0.274969106391173	0.773	0.621	9.24707654561571e-10
MT1X	2.92101112229174e-14	-0.474973002381918	0.281	0.407	9.79677920305426e-10
HMGA1	3.55621355866499e-13	-0.266803591385003	0.814	0.851	1.19271846544065e-08
KIF18A	4.33536666339751e-13	-0.272554482365977	0.407	0.519	1.45403862523689e-08
ATF5	9.11677817945698e-13	-0.371969612975729	0.657	0.705	3.05767623360808e-08
MT2A	9.26259094511865e-13	-0.737326120674016	0.696	0.765	3.10658037708334e-08
HIST1H1C	1.11556653611843e-12	-0.28194000156898	0.358	0.475	3.7414986054876e-08
HSP90B1	4.91189494960979e-12	0.384164419260816	0.991	0.99	1.64740044714963e-07
MMP1	2.69334452085948e-11	-1.03231810850848	0.273	0.371	9.0332081885106e-07
ATP1A1	3.39065538316182e-11	0.313683215279602	0.989	0.982	1.13719190895864e-06
SLC3A2	9.39892733352133e-11	0.265913006057586	0.966	0.934	3.15230623838972e-06
HIST1H1E	9.82318718325355e-11	-0.266666570357344	0.381	0.475	3.29459874939141e-06
HIST1H4C	7.53906889360564e-10	-0.520943557400134	0.913	0.92	2.5285283162264e-05
SDF2L1	1.09122628222546e-09	-0.281701434902172	0.75	0.773	3.65986382795597e-05
CENPF	6.65560949669626e-08	0.56972100159085	0.963	0.947	0.00223222486909696
FN1	3.56827945229949e-07	0.413756826248455	0.975	0.926	0.0119676524550672
TOP2A	5.46265243328729e-06	0.537024627040626	0.8	0.771	0.183211899960022
SAT1	1.36560362653427e-05	0.297619401879048	0.292	0.204	0.458009800303327
HMGB2	0.0165911473252454	0.286583736221411	0.97	0.963	1
ASPM	0.0691112178020096	0.309513341096527	0.759	0.761	1
SERPINE2	0.136115735369404	0.429604506775303	0.956	0.933	1
