gene	p_val	avg_log2FC	pct.1	pct.2	p_val_adj
RBP7	0	1.08097705992539	0.46	0.101	0
COL11A1	0	0.598746941967445	0.358	0.061	0
RGS5	0	1.39607017467961	0.503	0.127	0
FN1	0	1.30965671189942	0.959	0.661	0
NT5E	0	1.31700624361219	1	0	0
CALD1	0	1.66885189822623	0.917	0.717	0
TAGLN	0	1.74992736630908	0.74	0.292	0
VIM	0	1.66455374016902	0.998	0.965	0
MYOF	0	0.664585557053415	0.46	0.096	0
CD9	0	0.955999405278227	0.599	0.18	0
ACTN1	0	1.25668091863744	0.905	0.535	0
ANXA2	0	0.973536577964342	0.997	0.963	0
TPM1	0	1.45462522334196	0.896	0.569	0
NUPR1	0	0.873737601082204	0.402	0.076	0
CAVIN1	0	1.00682828638057	0.753	0.317	0
COL1A1	0	1.53130644470018	0.731	0.305	0
DSTN	0	1.18979035620207	0.995	0.965	0
MYL9	0	0.754650105982351	0.365	0.051	0
S100A10	6.11859990036415e-298	1.78677775850781	0.803	0.53	1.31647795456235e-293
LGALS1	1.21807527863927e-295	1.40852630941326	0.897	0.672	2.62081076952025e-291
CRIM1	1.13282625892847e-292	0.871948231408758	0.704	0.294	2.43738897871049e-288
COL1A2	3.89439004531872e-291	1.42291936443756	0.686	0.318	8.37916962150776e-287
CRYAB	3.87084311097522e-287	1.26894297311901	0.654	0.246	8.32850603757428e-283
MYL12A	2.47424848143522e-278	0.788465222926322	0.993	0.945	5.32359303265602e-274
PPIC	5.10190730770581e-272	0.479273195863216	0.345	0.066	1.09772637632598e-267
FBN1	6.14064949741434e-270	0.869023016789439	0.597	0.213	1.32122214586367e-265
CD44	1.9317180579171e-263	0.490166708508915	0.348	0.068	4.15628457341444e-259
MT1E	6.08927520967619e-263	0.64942950282028	0.326	0.06	1.31016845411393e-258
LMNA	2.71542816675939e-262	1.01766087913678	0.965	0.792	5.84251524359951e-258
FABP7	1.85299323630462e-261	0.700980679705941	0.323	0.058	3.98690024723302e-257
CTSZ	1.76633102447224e-259	0.428869164145396	0.273	0.04	3.80043783225446e-255
PDLIM2	2.42465329498363e-258	0.776062182027183	0.493	0.155	5.21688402948679e-254
ALCAM	1.02455282636607e-249	0.892522505581096	0.724	0.363	2.20442786120923e-245
EHD2	6.37594653146766e-248	0.469551249117391	0.381	0.088	1.37184865571058e-243
LOX	7.34589462615194e-248	0.861223655354265	0.537	0.187	1.58054268776285e-243
PEG3	2.6848177047345e-246	1.36647445508142	0.547	0.201	5.77665377350676e-242
TGFB1I1	2.05924137097103e-245	0.444659840531266	0.293	0.051	4.43066373378127e-241
LINC01133	5.31405810825665e-245	0.481144907812517	0.32	0.062	1.1433727425725e-240
PDLIM1	1.40683744220433e-244	0.670410084943481	0.429	0.119	3.02695144064684e-240
NPY1R	8.35682366543778e-244	0.991382769024697	0.844	0.519	1.79805417985559e-239
FSTL1	1.78997666495515e-240	1.08514883197117	0.825	0.59	3.85131379231749e-236
S100A6	1.75400450358341e-239	2.25934920720889	0.618	0.316	3.77391608991007e-235
CYR61	1.16755767834268e-236	1.10904682222748	0.637	0.283	2.51211710072212e-232
LTBP1	1.85408337562542e-233	0.738383792282091	0.511	0.176	3.98924579099564e-229
TPM4	1.22072756430148e-232	0.702282305409279	0.996	0.961	2.62651742735107e-228
AKR1C3	5.85465133861836e-231	0.917318725385936	0.664	0.283	1.25968678201713e-226
SDC2	2.36693695337081e-230	0.87007985136282	0.587	0.241	5.09270154887264e-226
EVA1A	2.63795416675851e-230	0.467532079509897	0.362	0.086	5.67582218519761e-226
GLIPR1	1.28642019689498e-229	0.727417172132584	0.568	0.219	2.76786169563923e-225
MYH9	4.67708774903458e-224	0.916191825757432	0.931	0.751	1.00632220008228e-219
NPC2	4.97780098409561e-224	0.910574968857014	0.791	0.503	1.07102365973801e-219
CAMK2N1	5.98573177871606e-224	0.779038968643057	0.507	0.182	1.28789004950855e-219
PARVG	1.06336808577147e-223	0.352508534597686	0.248	0.038	2.2879427733459e-219
BGN	2.80665065810712e-223	0.64784821870261	0.392	0.106	6.03878955598327e-219
SH3BGRL3	7.81782422578691e-222	0.681282084229217	0.989	0.9	1.68208306042031e-217
TSPAN12	2.0039243998355e-218	0.521011407414966	0.336	0.079	4.31164373868607e-214
EPAS1	5.72097076246161e-215	0.663133420192087	0.524	0.192	1.23092406925124e-210
FERMT2	7.9770546035327e-215	0.810859169084717	0.702	0.369	1.7163430684961e-210
ATP1B1	9.41856107964934e-215	0.62971952538119	0.467	0.153	2.02649760189735e-210
PRELP	4.83305499342872e-214	0.414613293623436	0.254	0.043	1.03988011238612e-209
SLIT3	6.0836176536737e-213	0.367283347795101	0.262	0.046	1.30895117436443e-208
PMP22	1.98814229937373e-212	0.400321017155392	0.292	0.059	4.27768697133252e-208
P4HA1	2.291872306273e-210	0.969046179251521	0.746	0.461	4.93119245417698e-206
LOXL1	2.80991066891274e-210	0.560194812396248	0.534	0.199	6.04580379523265e-206
RBP4	3.7591636849833e-210	0.424210713468358	0.235	0.037	8.08821658461006e-206
CTSB	1.35766460667042e-207	0.927435946441483	0.81	0.554	2.92115116771208e-203
LIMA1	6.4747573400115e-207	0.972158971744492	0.927	0.785	1.39310878927687e-202
TMSB4X	3.51978631103044e-206	0.86351239212894	0.995	0.923	7.57317222681309e-202
BST1	4.86390693351287e-206	0.411906459973413	0.311	0.07	1.04651821581463e-201
MYL6	1.77294349411066e-205	0.763432446771218	0.999	0.999	3.8146652219285e-201
CD63	7.1503878815519e-200	0.68417305580013	0.994	0.974	1.53847745659471e-195
BST2	2.45641201512317e-199	0.740912467826131	0.429	0.138	5.28521609173901e-195
S100A11	1.78150191167624e-198	0.870838780003536	0.913	0.748	3.83307951316261e-194
IGFBP2	7.35122768205065e-197	0.730251413170175	0.991	0.927	1.58169014807002e-192
CSPG5	3.59813515474314e-196	0.535268449835433	0.379	0.11	7.74174759894533e-192
ACTN4	1.2867749939024e-193	0.732872119644672	0.92	0.757	2.76862507688041e-189
HTRA1	4.7576052515393e-193	0.338323454050745	0.223	0.036	1.0236463459212e-188
ANXA1	5.73148004897045e-193	0.722840956723478	0.971	0.86	1.23318524733648e-188
TPM2	2.0137020019426e-192	0.701650662196354	0.965	0.925	4.33268122737969e-188
THY1	4.53741641141317e-192	0.946517145108413	0.765	0.485	9.76270515079658e-188
CTGF	8.3478502561845e-192	1.03575853700135	0.558	0.24	1.79612346112066e-187
ACTB	1.22921258144764e-191	0.467179425373695	1	1	2.64477379024275e-187
PRSS23	3.80386006964225e-190	0.587142832803248	0.391	0.12	8.18438532584227e-186
MEG3	1.07102919988957e-189	0.898417633511649	0.768	0.447	2.3044264264824e-185
VGLL3	7.388660124125e-189	0.571037010492646	0.396	0.124	1.58974411230673e-184
DLC1	5.32277681058642e-186	0.738072843498773	0.753	0.451	1.14524865856577e-181
CYTL1	2.93595247502282e-184	0.927467505944385	0.437	0.157	6.3169953452591e-180
MARCKS	4.00615883002668e-184	0.863320453597518	0.939	0.886	8.6196513386854e-180
EMP1	4.5728231717713e-182	0.460651966588429	0.382	0.115	9.83888633638313e-178
NID1	5.20555573725975e-181	0.438297582796137	0.318	0.082	1.12002737242881e-176
SSPN	3.44329830223018e-180	0.604719196160523	0.442	0.158	7.40860062707846e-176
LMO7	7.39432912255374e-180	0.821561826851308	0.685	0.377	1.59096385400866e-175
SPARC	1.87191744658866e-179	0.770232467308583	0.826	0.586	4.02761757808016e-175
ATP8B1	3.52384382347848e-179	0.433088299606475	0.341	0.095	7.5819023705963e-175
PLSCR4	4.68390222097862e-177	0.433108904747966	0.301	0.076	1.00778840186576e-172
HSPA2	6.94669203447252e-174	0.435290570369571	0.335	0.094	1.49465025813711e-169
PLAC9	8.57527263627069e-173	0.663025164030927	0.369	0.116	1.84505566042e-168
VAMP5	7.79912554049806e-172	0.390624647529489	0.296	0.075	1.67805985129356e-167
AXL	1.73633275503505e-171	0.291942055642459	0.223	0.042	3.73589355573342e-167
C1S	4.28507978841841e-171	0.268624040402998	0.2	0.033	9.21977767276105e-167
H2AFJ	4.33641274897381e-171	0.695635976616603	0.519	0.232	9.33022567069206e-167
ECM1	5.70984447563738e-169	0.466918518726774	0.516	0.208	1.22853013737814e-164
ANXA5	2.28862221421474e-168	0.773037480944343	0.907	0.832	4.92419955610443e-164
ARID5B	3.42246034352493e-167	0.69602994500493	0.711	0.403	7.36376567512824e-163
OPTN	1.33592451295814e-164	0.422146658372263	0.35	0.107	2.87437518208074e-160
RGS4	1.95008718496138e-161	0.427805196170385	0.282	0.072	4.19580758716291e-157
B2M	1.10041537203287e-160	0.407965278869936	1	0.999	2.36765371446592e-156
TNFRSF12A	4.32416547072595e-159	0.681266404131838	0.701	0.373	9.30387442681396e-155
MFGE8	8.71162816654868e-159	0.644382221868955	0.683	0.39	1.87439391631461e-154
FMOD	2.25076215509846e-158	0.459749498905965	0.403	0.141	4.84273985290985e-154
PTTG1IP	2.3285626884313e-158	0.666853954207263	0.871	0.664	5.01013548042879e-154
SEPT11	3.64934172336543e-157	0.717306524138725	0.888	0.746	7.85192365199306e-153
AHNAK	4.75715777942107e-157	0.678284840843049	0.876	0.662	1.02355006782024e-152
C12orf75	7.86423365106304e-157	0.93184550451518	0.779	0.586	1.69206851236272e-152
SMTN	3.05772614918355e-156	0.541622850779946	0.437	0.169	6.57900358258332e-152
TGFB2	2.39738137922565e-154	0.451908428233993	0.323	0.096	5.15820577554192e-150
DDAH1	2.87936458246132e-154	0.474397840902619	0.474	0.193	6.19524083562377e-150
COL6A2	8.42757495776741e-154	0.54350164971424	0.464	0.191	1.81327702791324e-149
LTBR	3.09120636262873e-153	0.318056667742248	0.275	0.07	6.65103960983197e-149
GLS	4.74597260241435e-152	0.727002171928713	0.766	0.516	1.02114346513547e-147
MFAP5	1.00018108685488e-151	0.257983442582507	0.143	0.017	2.15198962647696e-147
TNC	6.48953373741987e-151	0.528568913657735	0.499	0.209	1.39628807894326e-146
GADD45B	8.87790017954298e-151	0.563416583507015	0.478	0.199	1.91016900263047e-146
LIMS2	2.62281227528882e-150	0.340158400924777	0.291	0.081	5.64324289151142e-146
ASPH	1.22735315271385e-149	0.687606767782224	0.736	0.491	2.64077304337913e-145
EFEMP2	7.09634287203556e-148	0.521190617204256	0.51	0.227	1.52684913234717e-143
LGMN	1.95531255961081e-146	0.557729128843992	0.598	0.311	4.20705050325863e-142
RPS4X	1.56030278695442e-145	-0.356272810381498	1	1	3.35714747641112e-141
C1R	1.03306403565215e-144	0.377227762137096	0.325	0.101	2.22274057910917e-140
CHCHD7	4.49751168540212e-143	-0.709480656999056	0.427	0.698	9.67684614231121e-139
CAMK2D	2.06922022760576e-142	0.423737710952651	0.452	0.184	4.45213424171655e-138
TMEM47	5.40352674865773e-142	0.659341176104923	0.612	0.345	1.1626228152412e-137
MYL12B	9.41567521636173e-142	0.44148013674052	0.996	0.973	2.02587667955239e-137
NPW	3.8552775133031e-141	-0.865329141105715	0.814	0.912	8.29501509762296e-137
MIR503HG	8.25047554987567e-141	0.620661485557795	0.358	0.127	1.77517231931125e-136
COL5A2	3.84775591511916e-139	0.712494661160126	0.726	0.492	8.27883162697038e-135
SERBP1	7.32748912657332e-139	-0.38501258298234	1	1	1.57658256047351e-134
BTG1	1.24516855462014e-138	0.856629268633482	0.693	0.46	2.67910466212069e-134
TNFAIP6	1.19881167083683e-137	0.841227526925586	0.673	0.416	2.57936319097253e-133
GPNMB	3.54911383268304e-137	0.443406089368808	0.321	0.104	7.63627332240083e-133
PARVB	2.78995058938836e-136	0.347465800019344	0.282	0.082	6.00285768812799e-132
SLC25A3	3.65046166408854e-136	0.453944076577834	0.999	0.998	7.85433331645289e-132
NPAS2	3.11733132925349e-135	0.276553381798036	0.25	0.065	6.70725008802181e-131
HSPD1	1.13742300796765e-134	-0.428905504960845	0.999	1	2.4472793439432e-130
HLA-B	1.46392728736635e-134	0.868093796641755	0.516	0.266	3.14978595149744e-130
ATP5MC3	2.25489240983303e-134	-0.454159511110551	0.97	0.995	4.85162650899675e-130
MT2A	1.79079171417784e-133	1.16786007039363	0.776	0.581	3.85306745222504e-129
COL5A1	3.17250272033448e-133	0.517943115749006	0.517	0.245	6.82595685307166e-129
ELL2	4.08665609854374e-132	0.411633572441378	0.372	0.137	8.79284926162671e-128
FTH1	5.90822107005262e-131	0.719577327232544	1	1	1.27121284543252e-126
TRAC	3.98804703463768e-130	0.252258824312988	0.196	0.042	8.58068199972643e-126
SERPINE1	8.62475458037632e-130	0.424373859524467	0.173	0.033	1.85570219551377e-125
TMSB10	4.73260956068493e-129	0.365033326724914	1	1	1.01826827307697e-124
ADGRA2	3.91938904324836e-128	0.503250579891146	0.51	0.252	8.43295746545318e-124
EMP3	2.13094882170685e-127	0.505234067526906	0.971	0.888	4.58494948478447e-123
PTMS	3.49549854000709e-127	0.536888954351707	0.998	0.991	7.52091465867926e-123
CCL2	1.0664938572399e-126	0.474995283163963	0.219	0.054	2.29466818323736e-122
RCN3	2.61322194638365e-126	0.530878565430625	0.59	0.322	5.62260833983907e-122
UQCRH	3.43570157117984e-126	-0.364274750880684	1	1	7.39225550055053e-122
ACTA2	8.92278798060642e-126	1.09631976856769	0.614	0.358	1.91982706190728e-121
BARX2	2.71633706667899e-125	0.334895338165489	0.287	0.089	5.84447083266651e-121
MAFB	4.15767936827114e-125	-0.994590583189415	0.172	0.477	8.94566292877217e-121
ITGB1	5.53892849170514e-124	0.474060365148472	0.975	0.945	1.19175585427528e-119
SAMD4A	2.54116229004617e-123	0.407278520580551	0.413	0.171	5.46756478326335e-119
RBPMS	7.50245860407305e-123	0.388935755513424	0.44	0.189	1.61422899325236e-118
MYO1C	1.84157540767465e-122	0.543908235975143	0.789	0.556	3.96233364715278e-118
CDK6	1.6548091782172e-120	0.348658324338168	0.345	0.127	3.56048742785212e-116
PPP1R1A	2.91742878355679e-120	-0.761062389885887	0.457	0.69	6.27713977070079e-116
HSP90B1	5.4407887608907e-120	0.527167725558987	0.997	0.992	1.17064010979324e-115
MGP	7.90148186727184e-119	0.575513929087867	0.66	0.346	1.70008283856221e-114
GAPDH	1.42388473614061e-118	0.265479478971383	1	1	3.06363039828013e-114
SNTG1	2.41581286908745e-117	0.267841252085992	0.21	0.053	5.19786296912855e-113
PKM	3.23025428975636e-117	0.385000207744903	0.998	0.987	6.9502151298398e-113
TRAM2	4.5853378178846e-116	0.351651493776912	0.381	0.155	9.86581284896052e-112
UBE2QL1	2.19532832271959e-115	0.372329024648157	0.355	0.135	4.72346841916347e-111
COL6A1	2.42534913989987e-115	0.40556529355157	0.403	0.172	5.21838120940855e-111
ARPC2	3.65970555061809e-115	0.369646798116331	0.999	0.981	7.87422246270988e-111
LOXL2	5.06753539475617e-115	0.299538557258753	0.208	0.053	1.09033091553574e-110
PXDC1	6.27347239843345e-115	0.283170525319947	0.259	0.079	1.34980032124694e-110
CSTB	9.29254732066364e-115	0.475998395032029	0.949	0.882	1.99938448151399e-110
GZMM	1.12259405315733e-114	0.326511685800168	0.299	0.102	2.41537336477331e-110
SEMA3D	1.32238178165692e-114	0.321996227778218	0.338	0.125	2.84523664141304e-110
CHRDL1	1.63582602495705e-114	0.340940507621862	0.267	0.084	3.5196432752976e-110
COX7C	3.67588996299089e-114	-0.295501245289689	1	1	7.90904484437121e-110
FOXC1	8.64119367652523e-114	0.323087620105828	0.282	0.092	1.85923923144117e-109
C1QL1	5.0334946763901e-113	0.764966999494605	0.549	0.325	1.08300671457209e-108
RECK	1.2795659906093e-112	0.342461833380901	0.362	0.144	2.75311418539498e-108
TIMP2	2.78689462006008e-112	0.499357462299799	0.675	0.426	5.99628246452127e-108
TRAM1	9.13978265483614e-112	0.5698125584792	0.85	0.716	1.96651563601454e-107
IGFBP4	2.58429818814229e-111	0.666443281958378	0.66	0.432	5.56037598160695e-107
NEDD8	4.73053339332708e-111	0.345285448682179	0.998	0.99	1.01782156490825e-106
GNS	1.29724453778081e-109	0.484078355207234	0.541	0.298	2.79115134748919e-105
ADAM9	1.30687100333667e-109	0.484051318447066	0.565	0.322	2.81186365077918e-105
PHLDA1	1.09515279181655e-108	0.279260976679348	0.203	0.053	2.35633074687248e-104
PTPN14	1.57657890320108e-108	0.444194011968273	0.832	0.578	3.39216716812743e-104
MMP2	1.78952869755339e-108	0.380123162110477	0.464	0.218	3.85034994565586e-104
DAD1	7.03452386272855e-108	0.378410889645692	0.982	0.947	1.51354815430467e-103
COL4A2	3.03330633328741e-107	0.51798998044636	0.571	0.311	6.5264619067012e-103
ACTG1	6.77308176666613e-106	0.421704533214884	1	1	1.45729627291588e-101
HIPK2	7.18655420135723e-106	0.399145523383365	0.43	0.202	1.54625900196402e-101
PDE4DIP	3.20902486197481e-105	0.641150481460561	0.656	0.454	6.904537893025e-101
TRIM9	4.43383870523121e-105	0.264014637365781	0.238	0.072	9.53984735817547e-101
RPL24	9.4499739300449e-105	-0.262472226673631	1	1	2.03325639078846e-100
NASP	1.27817899119607e-104	-0.47704919496636	0.951	0.987	2.75012991745746e-100
FLNA	3.77902246783285e-104	0.54800729765554	0.954	0.907	8.13094474178916e-100
CORO2A	4.85756927319889e-104	0.290765191477051	0.257	0.083	1.04515460482147e-99
HSPB8	1.92083668935489e-103	0.41854494077103	0.36	0.15	4.13287222081598e-99
MARCKSL1	8.4851865934505e-102	-0.470962014718842	0.907	0.969	1.82567274744681e-97
TPT1	1.09055405708156e-101	0.310590420241707	1	1	2.34643610921669e-97
KTN1	1.70526468525015e-101	0.3713834259301	0.996	0.989	3.66904749678422e-97
CALM1	2.01385026908302e-101	0.512699153430384	0.979	0.96	4.33300023895903e-97
LINC01503	2.13790499474482e-101	0.358836418893197	0.385	0.167	4.59991638669296e-97
ADM	2.42027587706082e-101	0.275257684799155	0.214	0.061	5.20746557708407e-97
PPP1R3B	8.92461253841066e-101	0.350072402809616	0.393	0.173	1.92021963376444e-96
KCNE4	2.32267529556436e-100	0.55031497477644	0.856	0.663	4.99746816593627e-96
JAG1	5.16681070321933e-100	0.3666211313901	0.413	0.191	1.11169099090467e-95
TAGLN2	5.41478887074617e-100	0.594535984120329	0.849	0.725	1.16504597342975e-95
SERF2	6.36985259364999e-100	0.274122521359657	1	1	1.37053748404973e-95
LPP	6.64075533757659e-100	0.460705692478147	0.657	0.407	1.42882491843298e-95
BOK	9.29483157446913e-100	0.274072429623165	0.283	0.1	1.99987596156278e-95
S100A13	4.35945853770632e-99	0.686142083309924	0.639	0.443	9.37981098972891e-95
MEG8	6.11670888840475e-99	0.32260967616476	0.345	0.141	1.31607108442917e-94
ZYX	8.34791269098537e-99	0.463978220804326	0.684	0.437	1.79613689459241e-94
OXTR	9.64242627011218e-99	0.270118519842766	0.185	0.048	2.07466443627734e-94
IGF2BP1	2.82945310728211e-98	-0.471305970373157	0.725	0.899	6.08785130562818e-94
FOSL2	3.06301505482609e-98	0.344461757514563	0.347	0.142	6.59038319196381e-94
ZFPM2	3.81412606617621e-98	0.275936272931334	0.247	0.081	8.20647364398474e-94
IL7R	6.71034082433777e-98	0.255738965809328	0.221	0.066	1.44379693176451e-93
SAMD5	5.84132436363556e-97	0.290360733508491	0.356	0.148	1.25681935007983e-92
EIF4EBP1	6.49611718640499e-97	-0.545692267084504	0.944	0.976	1.3977045738269e-92
DBI	8.70338339547936e-97	0.304639853116958	0.999	0.984	1.87261997137134e-92
KRAS	1.48634869534663e-95	0.543225475787704	0.784	0.618	3.19802785290781e-91
AKAP12	1.64147574410837e-95	0.640679194327554	0.797	0.592	3.53179921102356e-91
PARVA	2.31137453268649e-95	0.411850464845889	0.526	0.294	4.97315344452825e-91
LINC00461	4.66659964074474e-95	0.311279094143222	0.285	0.106	1.00406557870264e-90
ITGA5	1.21347167099373e-94	0.442404803877236	0.535	0.305	2.61090564731012e-90
FAM177A1	6.27723883120073e-94	0.478205711932757	0.76	0.558	1.35061070692115e-89
TMED10	6.88128098213944e-94	0.451047311399987	0.87	0.733	1.48057641611712e-89
RPL11	7.33496994959637e-94	-0.283596760272351	1	1	1.57819213435516e-89
CLEC11A	4.22782661651966e-93	0.546835226057183	0.759	0.554	9.09659174810371e-89
CTSL	5.23111924506164e-93	0.362533543509585	0.403	0.189	1.12552761676746e-88
RPS21	5.32082086581448e-93	-0.270568663574999	1	1	1.14482781748864e-88
CLEC2B	5.47392692435211e-93	0.310732068777804	0.298	0.116	1.1777701170436e-88
ATP1A1	1.10727362839032e-92	-0.431772007191962	0.89	0.979	2.3824099388446e-88
PSME1	3.76522549092692e-91	0.546216339808506	0.728	0.545	8.10125916627837e-87
MIR4435-2HG	8.12124717543501e-91	0.433467538651787	0.581	0.349	1.7473675422666e-86
UCHL1	8.44009247653003e-91	-0.476000491784525	0.928	0.964	1.8159702972502e-86
RRAS	9.30902919856149e-91	0.456393550657747	0.626	0.404	2.00293072236249e-86
AP2M1	9.82033435521633e-91	0.358777076660803	0.992	0.978	2.11294313986835e-86
LNPEP	1.75441880444806e-90	0.428060051842397	0.454	0.239	3.77480749965044e-86
PLEC	2.81342805650438e-90	0.447247246855518	0.687	0.465	6.05337180637483e-86
HSP90AB1	3.65889106163674e-90	-0.290490786919176	1	1	7.87247000821762e-86
MYBL1	2.18327710143785e-89	0.431360714655057	0.415	0.205	4.69753901145367e-85
RHOC	3.68978473952602e-89	0.451421353603966	0.7	0.488	7.93894084556418e-85
SNAI2	6.46711666102362e-89	0.420428659728153	0.354	0.158	1.39146482078584e-84
RAB13	1.13171743887524e-88	0.383372514359233	0.951	0.867	2.43500324148396e-84
COTL1	1.35463809868989e-88	0.460980539818588	0.534	0.306	2.91463933314116e-84
IER3	1.69785524202855e-88	0.579795065680438	0.565	0.337	3.65310533874863e-84
PSME2	2.08875943089383e-88	0.483413396709092	0.701	0.507	4.49417479151117e-84
CALR	3.13913783806045e-88	0.353011772658193	0.996	0.977	6.75416897237086e-84
PFN2	4.72549295511198e-88	-0.506813814691402	0.533	0.735	1.01673706422189e-83
IL13RA1	4.82844001380908e-88	0.31704665735964	0.391	0.183	1.03888715337116e-83
SET	6.94560841138407e-88	-0.312520745458419	0.999	1	1.4944171057934e-83
MT-ND3	4.45437269929698e-87	-0.277153625198823	0.999	1	9.58402829980739e-83
LAMB2	6.08249533051732e-87	0.283598987610368	0.292	0.116	1.30870969531411e-82
NCL	9.91532325557004e-87	-0.359720587015776	0.999	1	2.13338095166845e-82
STXBP6	2.00367253764323e-86	0.327793430388533	0.403	0.195	4.31110183199317e-82
CRABP1	9.19548213912882e-86	-0.690665058346321	0.25	0.519	1.97849993705496e-81
RPL22	1.28478527082594e-85	-0.279854490536076	1	1	2.76434398870909e-81
PEA15	1.49378632572656e-85	0.358002526921923	0.516	0.291	3.21403065843327e-81
ARHGAP21	7.90744208974396e-85	0.395040670913873	0.509	0.294	1.70136524002931e-80
RPL39	1.17389242466002e-84	-0.270096665070249	1	1	2.52574694089849e-80
ANTXR1	2.45514736862055e-84	0.496891556500949	0.767	0.605	5.28249507832398e-80
HMGN2	3.51688518200158e-84	-0.474103548243479	0.995	0.999	7.5669301575946e-80
SUSD5	4.98974508774376e-84	0.293740740932208	0.297	0.12	1.07359355307895e-79
HAP1	5.48456935376355e-84	-0.612794941424127	0.122	0.354	1.18005994215577e-79
RAB32	7.85073438061926e-84	0.304267380371161	0.279	0.11	1.68916400933404e-79
ARMCX2	2.93222242335246e-83	0.319377074167082	0.342	0.152	6.30896976608515e-79
LAMP1	3.49763431226939e-83	0.424858166980515	0.635	0.421	7.52550998627882e-79
ENO1	7.67326159875019e-83	0.253967443056498	1	1	1.65097896558709e-78
EIF1AX	2.38022122326277e-82	-0.413598821056151	0.931	0.983	5.12128398397217e-78
DNM3OS	3.55443464459141e-82	0.38374682899629	0.419	0.215	7.64772158130287e-78
PPA1	3.94803681273825e-82	-0.368417628745657	0.955	0.983	8.49459600628761e-78
NPM1	9.51093520856728e-82	-0.275706607687912	1	1	2.04637281947534e-77
CAV2	3.84724072735191e-81	0.45298423845113	0.822	0.662	8.27772314897037e-77
FAM84B	1.45077824790138e-80	-0.734186955205857	0.4	0.588	3.12149447818461e-76
NME4	1.82996211351081e-80	-0.431305756290953	0.899	0.949	3.93734648342987e-76
ILK	2.49674376668838e-80	0.393210520540365	0.618	0.41	5.37199388840672e-76
DNER	2.90323996191968e-80	0.326276088178606	0.312	0.136	6.24661110206639e-76
MTCH1	4.45470290351634e-80	0.401103818440773	0.903	0.806	9.58473876720577e-76
CAPNS1	4.8464374696838e-80	0.377207451496747	0.921	0.817	1.04275948597717e-75
IRS2	6.43619899633838e-80	-0.595093694320862	0.339	0.56	1.38481257605217e-75
RHOA	7.36658719195658e-80	0.385021688953266	0.972	0.959	1.58499490022138e-75
MFAP4	3.72349193748494e-79	-0.726464985075149	0.264	0.487	8.0114652526926e-75
FAM43A	1.16447169828996e-78	0.522963278653393	0.52	0.316	2.50547730604068e-74
TUBA1A	2.27256114957061e-78	0.461023815601083	0.924	0.851	4.88964256941613e-74
MBNL2	3.37425076000953e-78	0.341372473591323	0.413	0.211	7.2600379352365e-74
ENAH	3.43326740752283e-78	0.428698330791699	0.935	0.86	7.38701815402612e-74
TIMP1	1.59809763114396e-77	0.547847354816021	0.905	0.832	3.43846686316935e-73
HMGN5	2.71638974631436e-77	-0.497729288257112	0.284	0.497	5.84458417816997e-73
MSN	1.05652955625946e-76	0.375615039335959	0.94	0.875	2.27322899324785e-72
PFDN5	5.54430667833277e-76	0.354297607722632	0.999	0.998	1.19291302491008e-71
NUAK1	9.22511026247692e-76	0.262677897048704	0.264	0.105	1.98487472407453e-71
PRKD1	1.16535553730809e-75	0.287475431334652	0.359	0.17	2.50737897407208e-71
ANXA6	1.26865798405392e-75	0.433879881333854	0.638	0.447	2.7296445184904e-71
NEXN	2.24261944470741e-75	0.34170506592753	0.37	0.181	4.82521999723247e-71
LSAMP	2.49047310600447e-75	-0.462026654121759	0.079	0.285	5.35850193487921e-71
SRRM4	2.87283510013567e-75	0.296420276286599	0.284	0.119	6.1811920014519e-71
PRSS35	3.24267960971151e-75	0.481097212764568	0.681	0.482	6.97694944825529e-71
CLVS2	5.8914394560697e-75	0.34390751302841	0.474	0.264	1.26760211336796e-70
PRKCB	7.66888882582984e-75	-0.451908275327733	0.679	0.848	1.65003811976555e-70
PRDX1	8.63639392563455e-75	-0.290056230002289	0.999	0.999	1.85820651703953e-70
HMGN1	1.34040813768585e-74	-0.324757591172203	0.995	0.998	2.88402214904488e-70
CCDC171	1.89988401748102e-74	-0.420357410662307	0.203	0.433	4.08779045201216e-70
OST4	4.78024464267667e-74	0.285407403051742	0.998	0.995	1.02851743731831e-69
CD151	5.80956866664552e-74	0.418422285906193	0.787	0.641	1.24998679431545e-69
RPS18	8.90748909891646e-74	-0.263960003928983	1	1	1.91653535452286e-69
METRNL	1.49968703246798e-73	0.356931520930573	0.481	0.275	3.2267266190581e-69
MMP14	1.92619049530329e-73	0.25699545783932	0.3	0.131	4.14439146969455e-69
CDKN2A	2.44470142603654e-73	-0.544277520523145	0.093	0.301	5.26001958826023e-69
MDFI	4.78991545673365e-73	-0.412584327930191	0.456	0.687	1.03059820967081e-68
BACE2	7.95828399632126e-73	0.343072959543114	0.355	0.175	1.71230438464848e-68
FRMD6	9.92482508645762e-73	0.308785520922964	0.405	0.208	2.13542536560222e-68
TERF1	1.43214937711829e-72	0.481539516868955	0.767	0.597	3.08141259980772e-68
PHGDH	3.05357272717488e-72	-0.591651707072089	0.695	0.809	6.57006707978948e-68
VCL	3.23374712069625e-72	0.41244604450914	0.835	0.67	6.95773030489005e-68
STK17A	4.84268667829648e-72	0.419662081746742	0.608	0.409	1.04195246570227e-67
NCKAP1L	8.72407398735706e-72	0.69313963018266	0.672	0.565	1.87707175911974e-67
XIST	1.1993070895376e-71	-0.676240932427667	0.23	0.477	2.58042913384909e-67
MYO10	1.40475865661193e-71	-0.460189732002565	0.716	0.879	3.02247872556623e-67
PFN1	1.48591893478797e-71	0.285814310073456	0.999	0.998	3.1971031800898e-67
C9orf3	1.92832911784362e-71	0.2705153386319	0.345	0.165	4.14899292995234e-67
GSTP1	3.25561348157082e-71	-0.293472853786606	1	1	7.00477796694777e-67
PCDH17	3.71129074778498e-71	-0.500027377371357	0.186	0.407	7.98521317293417e-67
NHP2	3.75306979776567e-71	-0.304623924955867	0.968	0.989	8.07510497687262e-67
ACTG2	6.88387036998356e-71	0.53398728125186	0.378	0.19	1.48113354880566e-66
RAPH1	1.02935326535009e-70	0.291991276103799	0.356	0.175	2.21475648572725e-66
MDK	1.63002782434397e-70	-0.607142520265135	0.596	0.751	3.50716786685848e-66
FSTL3	1.83812396638783e-70	0.29758550188897	0.388	0.197	3.95490752608005e-66
TRPM4	2.38406816639324e-70	-0.496659888065094	0.63	0.79	5.12956106681169e-66
CYTH3	2.74898274325816e-70	0.255242351134571	0.278	0.12	5.91471127039426e-66
PRTFDC1	2.93036337492882e-70	0.317633006875631	0.352	0.172	6.30496983749686e-66
WDR1	3.23635749288975e-70	0.404710957749566	0.723	0.548	6.96334678170159e-66
ZNRF2	3.52487205609156e-70	0.316473348182022	0.412	0.222	7.58411471588661e-66
PARP1	9.32345635331325e-70	-0.384609696740272	0.952	0.972	2.00603486897888e-65
EVA1B	1.19419353567856e-69	0.399973955925752	0.518	0.317	2.56942681136598e-65
OSBPL8	1.35079397968195e-69	0.406325277153731	0.851	0.74	2.90636832668367e-65
PAX9	2.50846405193941e-69	0.298814833038633	0.353	0.175	5.39721125415283e-65
DCDC2	5.40692629610735e-69	-0.387516464339647	0.111	0.316	1.16335426187046e-64
CDKN1A	8.93973236154742e-69	0.422141497107897	0.406	0.212	1.92347281491054e-64
IFI27L2	9.06776589690126e-69	0.443099537567282	0.547	0.367	1.95102051037727e-64
CTSC	2.12573262116445e-68	-0.357134529437694	0.27	0.513	4.57372630769744e-64
PDLIM5	3.93443686261336e-68	0.360030645756505	0.646	0.437	8.4653343535989e-64
NIN	3.98485860504035e-68	0.381527272911271	0.634	0.434	8.57382177460482e-64
POU3F2	7.03524500246139e-68	-0.526621448159709	0.223	0.425	1.51370331472959e-63
CLTA	1.04160958875563e-67	0.27220333576943	0.991	0.973	2.24112719116661e-63
ARHGDIB	1.07888679544493e-67	0.377916726981035	0.724	0.533	2.32133282907931e-63
RPL7	1.18898391835933e-67	0.284897699038281	1	1	2.55821779874193e-63
FNDC3B	1.32484229713776e-67	0.376923687879326	0.518	0.328	2.85053068652159e-63
CYTOR	3.11054762892158e-67	0.395128093259377	0.688	0.492	6.69265427838767e-63
PPP1R12A	3.31352953114766e-67	0.443085162007679	0.803	0.708	7.1293901392173e-63
PLAG1	5.5830769232303e-67	-0.318882836322519	0.073	0.262	1.20125483080223e-62
CAV1	7.61225652757553e-67	0.408661567780783	0.998	0.984	1.63785311447315e-62
TCAF1	8.5814195385271e-67	0.484343002241667	0.717	0.562	1.84637822790949e-62
NDUFB11	2.22943428884698e-66	-0.328708718991527	0.964	0.982	4.79685081588317e-62
HGSNAT	3.51289027994079e-66	0.392118319029468	0.533	0.348	7.5583347263206e-62
CKB	4.18375856398876e-66	-0.482791580450169	0.53	0.717	9.00177492627822e-62
TCF7L1	4.57750096550913e-66	0.328916520318243	0.43	0.242	9.84895107738944e-62
CYB5R3	8.25995760403659e-66	0.370123824253666	0.867	0.765	1.77721247808451e-61
DGKD	1.51714155722014e-65	0.363481018965295	0.709	0.518	3.26428177451486e-61
ARHGEF12	5.63660757385604e-65	0.385803721471253	0.695	0.51	1.21277248559086e-60
COL4A1	1.26412329124101e-64	0.355259370663766	0.399	0.213	2.71988767343417e-60
PRKAG2	1.77549556979142e-64	0.25113252689625	0.312	0.148	3.82015626796322e-60
KLF2	1.8912668491963e-64	0.264152126386103	0.234	0.094	4.06924975273075e-60
KAZN	9.41107251839397e-64	0.29884857933783	0.45	0.256	2.02488636305765e-59
BCAT1	1.18786278776972e-63	-0.403246741733591	0.344	0.566	2.55580557416534e-59
CLMP	2.03440032830768e-63	-0.413516629847045	0.287	0.495	4.3772157463868e-59
UPP1	2.52764087729293e-63	0.290593112738032	0.255	0.11	5.43847211158347e-59
CCT2	3.05631631328839e-63	-0.285390072004548	0.991	0.995	6.57597017967131e-59
ATP6V1E1	5.21004655569131e-63	0.398326480132	0.814	0.683	1.12099361692254e-58
CD81	9.23006139907529e-63	0.310281270385582	0.966	0.924	1.98594001062504e-58
XRCC5	1.09534137360271e-62	-0.262867974797389	0.994	0.998	2.35673649944358e-58
C1orf198	2.49108960793667e-62	0.305467625898699	0.423	0.24	5.35982840043654e-58
CSDE1	2.50876000741309e-62	-0.282589308021877	0.989	0.993	5.39784803195e-58
FTL	2.69926656205091e-62	0.359048229929797	1	1	5.80774193490873e-58
SSRP1	3.52477797116091e-62	-0.324084519201004	0.889	0.955	7.58391228274981e-58
EZR	4.7886927042673e-62	0.416228931083226	0.892	0.825	1.03033512225015e-57
ACTR2	1.20554980020615e-61	0.312559383677343	0.972	0.952	2.59386095012355e-57
GNG12	1.55157246681421e-61	0.286023165834368	0.396	0.211	3.33836331959745e-57
NET1	2.0111423951528e-61	0.382679561413	0.597	0.415	4.32717397741076e-57
AKAP7	6.77743717655266e-61	-0.42190961665109	0.324	0.519	1.45823338290707e-56
LRP10	8.36618239433172e-61	0.258982723536211	0.296	0.142	1.80006780396441e-56
SMS	1.15103038469874e-60	0.390984489790891	0.951	0.9	2.47655697571781e-56
WSB2	1.56791553099957e-60	0.302775378781987	0.486	0.297	3.37352705649868e-56
NQO1	2.35183392797408e-60	0.344705411212496	0.381	0.209	5.06020587942903e-56
PMEPA1	2.63273039280171e-60	0.29005885021679	0.465	0.275	5.66458271315217e-56
FARP1	3.62198187866934e-60	0.378781392456849	0.611	0.442	7.79305621014496e-56
STOM	5.6304115468945e-60	0.332578723717092	0.52	0.332	1.21143934842982e-55
RUVBL1	5.80402804306393e-60	-0.354761142794775	0.767	0.878	1.24879467374564e-55
CALCB	7.70572672647632e-60	0.460279393410911	0.62	0.424	1.65796416246864e-55
PHB	1.17771277498995e-59	-0.312606943407171	0.942	0.973	2.53396680666837e-55
ARPC3	1.27398093781384e-59	0.296516525412365	0.976	0.937	2.74109738580026e-55
CALU	1.58007463909804e-59	0.327392457387555	0.922	0.812	3.39968859348334e-55
RRBP1	1.94594248055532e-59	0.356776719724276	0.772	0.62	4.18688984116283e-55
NEAT1	2.23820143036547e-59	0.625524907366594	0.918	0.936	4.81571419757435e-55
RPS27L	2.48618569862055e-59	0.383716039420309	0.925	0.864	5.34927714915198e-55
NDUFB9	2.99412215342777e-59	-0.579418920341829	0.959	0.972	6.44215322531519e-55
KIF5B	3.32126756919678e-59	0.358700369587489	0.9	0.823	7.14603930188378e-55
NFIX	4.14053237140183e-59	0.410777041322911	0.665	0.493	8.90876945030819e-55
NFIC	7.61099359604658e-59	0.304355326491138	0.906	0.793	1.63758138212538e-54
ITGAV	1.46220503939588e-58	0.335487580625947	0.457	0.28	3.14608036276418e-54
SDCBP	2.96955167708743e-58	0.345964115004443	0.769	0.616	6.38928738842131e-54
CLIC1	3.31971498112699e-58	0.358453147374977	0.965	0.929	7.14269875339282e-54
MTHFD2	4.00142945377268e-58	-0.596355228703658	0.58	0.716	8.60947561273729e-54
GUK1	4.66543776729944e-58	0.286036584006438	0.973	0.944	1.00381559001215e-53
ZFP36L2	4.88468035755186e-58	0.379537806929574	0.51	0.332	1.05098782573086e-53
APCDD1	8.81178321459039e-58	-0.472552045384093	0.394	0.578	1.89594327645127e-53
TFAP2B	1.65676247629531e-57	-0.776940891539512	0.038	0.191	3.564690143997e-53
OLFM3	3.41276239165479e-57	0.265620936048083	0.381	0.208	7.34289956188445e-53
LASP1	3.93502870636916e-57	0.336302977267306	0.587	0.409	8.46660776462389e-53
MYADM	4.98358712742786e-57	0.280203670288951	0.335	0.177	1.07226860633738e-52
ARF6	7.21153272217553e-57	0.3759031150886	0.682	0.513	1.55163338050329e-52
ZDHHC21	9.54840277249624e-57	0.367561155814412	0.646	0.461	2.05443434053029e-52
IFITM3	1.10965767479574e-56	0.40670680828991	0.816	0.732	2.38753945309052e-52
CAPN2	1.15139137881657e-56	0.326562056713003	0.58	0.401	2.47733369066173e-52
IGF1	1.27014762486561e-56	-0.405196357060963	0.16	0.353	2.73284962966084e-52
REEP5	1.44149985984974e-56	0.301691552966901	0.668	0.478	3.10153109845269e-52
NPTXR	1.77845663308898e-56	0.311540613708352	0.532	0.345	3.82652729175424e-52
CCT8	1.92395478112374e-56	-0.280313021903563	0.932	0.971	4.13958110706584e-52
RBBP4	2.40295035134014e-56	-0.333215344021584	0.877	0.933	5.17018797594345e-52
PHLDB2	4.70781318248705e-56	0.275230049902194	0.314	0.16	1.01293308434391e-51
FAM162A	5.60134922678417e-56	-0.367287495234824	0.583	0.734	1.20518629963488e-51
SEPT7	6.12680536904382e-56	0.265658382409233	0.981	0.955	1.31824344320347e-51
REXO2	6.4874597142425e-56	0.333905555407075	0.829	0.696	1.39584183211642e-51
LRPPRC	6.6191932986614e-56	-0.333443229197405	0.688	0.822	1.42418563013999e-51
UAP1	1.09550328944274e-55	0.360538570684888	0.9	0.822	2.357084877565e-51
ATP5ME	1.2314874881992e-55	-0.29977135080189	0.984	0.99	2.6496684796094e-51
PA2G4	1.42588478105282e-55	-0.288250755230874	0.998	0.999	3.06793369491324e-51
PENK	1.81005194129465e-55	-1.06398013824478	0.071	0.234	3.89450775688958e-51
FH	4.34900783936339e-55	-0.2910619410749	0.513	0.717	9.35732526717426e-51
CEBPZ	5.36671285892236e-55	-0.321722695687036	0.686	0.845	1.15470193872573e-50
U2SURP	6.4628536966452e-55	-0.36758106559949	0.796	0.881	1.39054760137018e-50
NDUFC1	9.84277787059521e-55	-0.292490020833564	0.957	0.982	2.11777208663727e-50
FLNB	1.14918274356875e-54	0.29995776976489	0.479	0.303	2.47258159106251e-50
ADGRG2	1.63321785513766e-54	0.279346342557633	0.477	0.287	3.5140315371142e-50
MAP4	2.26205680766197e-54	0.37604419959237	0.834	0.774	4.86704142736549e-50
RPL36AL	2.26814044526261e-54	0.262703281596314	0.992	0.974	4.88013098202703e-50
SNRPB	3.16407016194461e-54	-0.262902631137802	0.963	0.987	6.80781336044002e-50
SOX2	4.65035819128876e-54	-0.43312811935728	0.228	0.428	1.00057106843769e-49
ERRFI1	5.14417465271221e-54	0.330560487980505	0.363	0.204	1.10682061827756e-49
PSMB1	6.16550310895373e-54	-0.277345951074528	0.962	0.988	1.32656964892248e-49
HIF1A	1.60905781711857e-53	0.33146545882812	0.689	0.522	3.46204879931231e-49
CDC37L1	2.02582185294956e-53	0.399779123787752	0.563	0.395	4.35875829880627e-49
PSMD14	2.05333379735053e-53	-0.307542746635386	0.814	0.907	4.41795299837941e-49
ZNF703	2.39074724332688e-53	0.342974171369291	0.848	0.738	5.14393176874211e-49
FZD3	2.73348534333279e-53	-0.360622469759304	0.198	0.384	5.88136706471483e-49
HMGA1	3.32042833943167e-53	-0.327764055702444	0.645	0.797	7.14423361512119e-49
NME1	3.72696067787571e-53	-0.268246393576013	0.951	0.985	8.01892859451738e-49
TFPI	4.35479233276609e-53	0.280275673700503	0.425	0.253	9.36977118317953e-49
ALDH1A1	4.43980641540918e-53	-0.321030113661316	0.035	0.182	9.55268748339439e-49
WDFY2	1.00126700980876e-52	0.336688464892255	0.632	0.451	2.15432609830453e-48
SLC4A7	1.00330637797071e-52	0.255081322654926	0.419	0.247	2.15871400284178e-48
AMER2	1.73536670837691e-52	0.403576442404328	0.647	0.475	3.73381500974375e-48
QSOX1	1.80127095505963e-52	0.261206976763348	0.369	0.209	3.8756145869063e-48
JDP2	2.05745246035645e-52	0.255143596548268	0.28	0.139	4.42681471370293e-48
DCC	2.95818093404792e-52	0.260228240513581	0.394	0.227	6.36482209769751e-48
AMOTL2	3.696434336489e-52	0.286864703712068	0.54	0.355	7.95324811838973e-48
SEC11C	3.95005667849918e-52	-0.638247089256964	0.696	0.784	8.49894194945884e-48
PFKP	4.53920566566934e-52	0.318295425367909	0.713	0.545	9.76655491025414e-48
H2AFZ	5.33958139394172e-52	-0.308002885487983	0.994	0.998	1.1488643327205e-47
RPS3	1.27124868350574e-51	-0.328784793534233	1	1	2.73521866743096e-47
CYBA	1.83738023676985e-51	0.39057277096233	0.641	0.491	3.953307317434e-47
RSL24D1	1.96458985373884e-51	-0.395653943257176	0.843	0.906	4.22701152930449e-47
GRINA	3.5313054618909e-51	0.342003058189133	0.64	0.475	7.59795683180445e-47
NOC2L	9.97633535957198e-51	-0.332423883279445	0.622	0.758	2.14650831596551e-46
LMCD1	2.96627702429817e-50	0.415273417770386	0.312	0.168	6.38224164547995e-46
AASDHPPT	3.71054315021737e-50	-0.357676037686553	0.449	0.608	7.98360464200769e-46
KLHL23	6.58008000451624e-50	-0.366794191556794	0.41	0.577	1.41577001377171e-45
MRPL36	6.68957757634585e-50	0.301551378424861	0.823	0.685	1.43932951132657e-45
KDM1A	8.07524324863905e-50	-0.32577842309322	0.749	0.845	1.73746933737718e-45
WWC2	8.65326060040647e-50	0.28069909906606	0.696	0.506	1.86183555078346e-45
HECTD1	1.23717037921699e-49	0.330571738147911	0.762	0.634	2.66189578792328e-45
GRN	1.43520398790938e-49	0.326055513518168	0.563	0.397	3.08798490038582e-45
HCFC1R1	1.57785940034914e-49	0.328231826235922	0.692	0.534	3.39492228579122e-45
ARHGAP18	1.77984410948451e-49	0.271022242132201	0.42	0.255	3.82951258596688e-45
TIMM13	1.80148784037104e-49	-0.275408496107171	0.95	0.977	3.87608123734232e-45
SMC1A	2.22515214484951e-49	-0.369640700871637	0.757	0.849	4.7876373548582e-45
NONO	2.75741195863646e-49	-0.25843515910117	0.971	0.988	5.9328475702022e-45
PXDN	3.59390312445993e-49	0.339089554437436	0.783	0.646	7.73264196258799e-45
TMEM50A	6.24020517707551e-49	0.305547412152501	0.899	0.843	1.34264254589957e-44
CAST	6.37446547714202e-49	0.291838443260819	0.798	0.657	1.37152999206188e-44
NUDC	8.04388477852978e-49	-0.286140636439559	0.94	0.976	1.73072224894847e-44
MT-ND2	1.36799006510147e-48	-0.338347712946871	0.999	0.999	2.94336742407232e-44
DDX3Y	2.18365000300137e-48	0.268081210008591	0.288	0.148	4.69834134645775e-44
MAP4K5	2.50477117696323e-48	0.276638088156747	0.497	0.328	5.38926566435408e-44
ZRANB2	2.70554927487551e-48	-0.324444037004296	0.848	0.911	5.82125981982214e-44
KDSR	3.35227792785602e-48	-0.415959543212887	0.786	0.866	7.212761189575e-44
CDH8	4.18370321034121e-48	0.294210956859084	0.597	0.422	9.00165582737014e-44
EIF2S3	4.46035734993244e-48	-0.336915533195933	0.662	0.765	9.59690487411465e-44
RBMS1	4.97053011371303e-48	0.295239145110096	0.662	0.487	1.0694592592665e-43
RPL36A	5.58065748524453e-48	-0.282263261669644	0.982	0.985	1.20073426452521e-43
MSRB2	6.25556706071359e-48	0.303524601980906	0.618	0.45	1.34594780878314e-43
BRI3	1.86521444062625e-47	0.263648649327721	0.924	0.871	4.01319539045144e-43
PACS1	1.88598016123357e-47	0.261441641831452	0.489	0.32	4.05787491491015e-43
IKBIP	2.99102098116731e-47	0.295041683448578	0.518	0.356	6.43548074307958e-43
PRAME	4.7092604655048e-47	0.265795060426153	0.423	0.257	1.01324448175801e-42
AC245595.1	7.13589988478034e-47	0.285957812989395	0.595	0.427	1.53536021920934e-42
CPE	8.01855521312835e-47	-0.305805525902945	0.075	0.223	1.7252723396567e-42
ANXA7	1.07280225178319e-46	0.291055295392436	0.623	0.461	2.30824132493671e-42
TSHZ3	1.12514257024718e-46	-0.396043192178767	0.073	0.22	2.42085675414383e-42
NAPA	1.44445268654646e-46	0.271559007241845	0.554	0.384	3.10788440037337e-42
YBX3	2.61306089739043e-46	0.257868090688913	0.958	0.91	5.62226182682525e-42
NDUFB4	3.55266599837938e-46	-0.266322484516246	0.935	0.973	7.64391616211308e-42
LPIN2	4.22649186471111e-46	0.289887935928939	0.453	0.294	9.09371989611242e-42
RSL1D1	4.35071957072711e-46	-0.268071695229118	0.908	0.962	9.36100822837645e-42
RNF213	5.27619428564517e-46	0.292623584824271	0.506	0.342	1.13522596249942e-41
KMO	8.18839488980228e-46	-0.283347935215064	0.143	0.314	1.76181504448986e-41
FGFR1	8.98626752814289e-46	-0.327093010003457	0.289	0.463	1.93348532135522e-41
TXNL4A	1.12426842897876e-45	-0.29340809073434	0.854	0.912	2.4189759517907e-41
LAPTM4A	1.91205401378009e-45	0.28073455310122	0.882	0.791	4.11397541604925e-41
TCEAL4	2.67562713877511e-45	0.327051335077252	0.857	0.773	5.75687935178853e-41
PSMA4	4.25366868756456e-45	-0.252231831566474	0.956	0.979	9.1521935481639e-41
LAMP2	4.31620942257518e-45	0.296406944716631	0.573	0.408	9.28675619361276e-41
LY6E	5.17350036700422e-45	0.309372421251217	0.957	0.948	1.11313033896463e-40
PAICS	5.34452345728374e-45	-0.295081198368708	0.796	0.879	1.14992766706917e-40
CLIP1	6.0071734928157e-45	0.282658500624239	0.489	0.329	1.29250344871423e-40
PDLIM7	6.02681670758505e-45	0.317049479914706	0.646	0.499	1.296729882804e-40
PPIB	6.91816476910218e-45	0.270977814289426	0.967	0.941	1.48851233172003e-40
PDIA3	8.93793431926757e-45	0.272695520467709	0.9	0.83	1.92308594813361e-40
ARPC1B	1.20871819072087e-44	0.265223700080026	0.488	0.324	2.60067805915503e-40
HOXB7	1.76684578074383e-44	-0.27002135153948	0.238	0.422	3.80154538184843e-40
CACNA2D1	1.86544073459071e-44	0.28755170079926	0.477	0.319	4.01368228454538e-40
SLC1A5	3.00634473971091e-44	-0.322209409014561	0.462	0.64	6.468451341962e-40
CD59	3.787482938104e-44	0.285895881387296	0.454	0.298	8.14914828962457e-40
MRTO4	4.87318122989403e-44	-0.294040951062778	0.716	0.828	1.048513673424e-39
MAP1B	5.52825775746561e-44	0.357048877285768	0.776	0.624	1.1894599390963e-39
HOOK3	6.20741004891724e-44	0.311829083520027	0.714	0.579	1.33558634612503e-39
NDUFB1	9.24599548867961e-44	0.26650900816345	0.982	0.977	1.98936838934431e-39
OLFM2	9.52764466861907e-44	0.291704198018733	0.828	0.68	2.04996802690008e-39
TMEM41B	2.09610561603888e-43	0.32899616139494	0.583	0.438	4.50998084346926e-39
UGP2	4.17374966110226e-43	0.328805063602837	0.634	0.487	8.98023977082762e-39
TCP1	5.75337170890903e-43	-0.254016884969519	0.941	0.965	1.23789545688887e-38
TXNRD2	6.08026603499123e-43	0.328797303393641	0.495	0.336	1.30823004008871e-38
IARS	6.98811783053971e-43	-0.305412990844849	0.726	0.818	1.50356343241892e-38
ARHGAP5	1.08174269927561e-42	0.28347658785356	0.518	0.364	2.3274775917614e-38
ARID1B	1.24168484963336e-42	-0.342466543437342	0.646	0.753	2.67160912247113e-38
COX6C	1.49244176757803e-42	0.280607590539322	0.991	0.995	3.2111377071209e-38
CITED2	1.61513367074375e-42	-0.351861852154298	0.761	0.846	3.47512160597225e-38
HTATSF1	1.70645481439261e-42	-0.310258046048896	0.647	0.772	3.67160817864714e-38
CORO1C	1.82352247642091e-42	0.302711008358438	0.63	0.476	3.92349096026724e-38
SELENOP	1.94891921739505e-42	-0.413866966246474	0.257	0.412	4.19329458814719e-38
TXNRD1	3.24135251321655e-42	0.365301423698845	0.922	0.889	6.97409406743673e-38
BEX1	4.59901753885578e-42	0.402759411436909	0.638	0.458	9.8952461366021e-38
SORBS3	4.85494039550419e-42	0.296727558144249	0.57	0.417	1.04458897549668e-37
NDUFAB1	5.38375260510098e-42	-0.26187321176862	0.935	0.967	1.15836821051353e-37
JUN	6.88327193249178e-42	0.301917845956013	0.55	0.379	1.48100478899493e-37
PHLDA2	1.18642065153285e-41	0.47932582236411	0.344	0.204	2.55270267383807e-37
ATXN7L3B	1.5453945122001e-41	-0.327908225003313	0.642	0.743	3.32507083244975e-37
ADGRE5	1.67198735145553e-41	0.261431476351778	0.408	0.258	3.59744798539172e-37
SLC7A8	1.77816882482595e-41	0.253039932706412	0.347	0.205	3.82590804349552e-37
S100A4	2.55917173416317e-41	0.422032782513375	0.466	0.32	5.50631390322547e-37
IFIT3	4.70091704097083e-41	0.258703643208323	0.174	0.075	1.01144931053528e-36
FAM89A	4.76487338029944e-41	-0.365698114561638	0.172	0.325	1.02521015650523e-36
KIF21A	4.95972039328488e-41	-0.262014692065944	0.118	0.266	1.06713343981918e-36
ITM2B	6.87721308667891e-41	0.274714940116602	0.821	0.704	1.47970116772983e-36
BAX	8.07443396093471e-41	0.292215121247038	0.794	0.672	1.73729521103471e-36
RTN3	1.08353524938538e-40	-0.28757303559067	0.705	0.807	2.33133444257757e-36
RHOB	1.58870107604744e-40	0.321129220122745	0.426	0.276	3.41824923522367e-36
NOSIP	1.59921944485949e-40	0.276490720619195	0.841	0.749	3.44088055755968e-36
ANKRD1	2.36281112557301e-40	0.774561318205019	0.103	0.033	5.08382441778289e-36
KPNB1	2.72467472929283e-40	-0.250179307997901	0.983	0.992	5.86241014754645e-36
HLA-C	2.89691348685109e-40	0.269427224270793	0.544	0.392	6.23299905830881e-36
DDX18	3.8450631065234e-40	-0.254183076885263	0.842	0.922	8.27303777999574e-36
TRAP1	4.8855420375479e-40	-0.274277165551437	0.543	0.688	1.05117322479881e-35
CTNNAL1	6.22133812851541e-40	0.257937902050606	0.701	0.545	1.33858311173138e-35
HSPE1	6.9714865704596e-40	-0.25752463696361	0.996	0.998	1.49998505050009e-35
IRF2BPL	8.37229843520996e-40	0.264539420779268	0.476	0.326	1.80138373131978e-35
POLR2J3.1	9.28945113486953e-40	-0.357206235189337	0.669	0.763	1.99871830617853e-35
UBE2J1	9.59366359181436e-40	0.258222430659789	0.53	0.378	2.06417265841478e-35
UBA1	3.59951257094039e-39	-0.289542613547034	0.752	0.828	7.74471124763533e-35
CTCFL	4.61476961262756e-39	-0.357736252093531	0.031	0.143	9.92913829852947e-35
TSPAN4	7.25750839330492e-39	0.302201274911332	0.544	0.401	1.56152550590349e-34
ARL6IP5	7.41692944571569e-39	0.273022184793106	0.655	0.5	1.59582653954019e-34
PNRC1	1.051607530965e-38	0.309912262698472	0.546	0.4	2.2626387636243e-34
SNTB2	1.3128147111943e-38	0.273222141545173	0.506	0.362	2.82465213260566e-34
RPS25	1.67244259388503e-38	-0.270056745739184	1	1	3.59842748500303e-34
SMIM14	2.16496952135951e-38	0.281500590188612	0.446	0.302	4.65814842215711e-34
RARRES2	3.95411096220521e-38	-0.660770358164014	0.065	0.185	8.50766514628072e-34
AIDA	5.35037809520038e-38	0.272417659831805	0.685	0.544	1.15118735096331e-33
NDUFAF2	6.53165443141388e-38	-0.302456560499721	0.655	0.749	1.40535076746301e-33
MRPL3	7.15991184223202e-38	-0.279912508932084	0.736	0.822	1.54052663197464e-33
CENPX	8.38487935673462e-38	-0.269128371035309	0.648	0.792	1.80409064239502e-33
MEX3A	8.56397655130419e-38	-0.319021138724352	0.554	0.7	1.84262519477861e-33
CENPH	9.2225556066213e-38	-0.306702409837535	0.467	0.599	1.98432506432064e-33
ODC1	1.01835515296244e-37	-0.266759779157384	0.797	0.91	2.19109294711398e-33
FABP5	1.06194234599e-37	-0.29989053284373	0.961	0.978	2.28487515163209e-33
ASAH1	1.10577988498503e-37	0.276286082253407	0.561	0.418	2.37919600053379e-33
PSAP	1.78732079076578e-37	0.261298030209872	0.863	0.771	3.84559941341166e-33
BNIP3L	1.9520078606004e-37	0.313142772453976	0.735	0.648	4.19994011286782e-33
RTN4	2.26778117686408e-37	0.267790040169847	0.949	0.919	4.87935798014074e-33
MYC	2.3683909188709e-37	-0.454349788789252	0.654	0.74	5.09582990104262e-33
PAWR	3.20004713573859e-37	0.330098702632722	0.674	0.552	6.88522141725516e-33
ID2	3.35163535974478e-37	0.295179774517281	0.96	0.885	7.21137864002686e-33
UBE3D	3.99946316317134e-37	-0.291418583649759	0.235	0.384	8.60524494187945e-33
DNAJC19	7.68968931625616e-37	-0.29305034804993	0.601	0.709	1.65451355328568e-32
EEF1E1	1.06794077448713e-36	-0.279849563217824	0.632	0.754	2.29778137038651e-32
MEIS1	1.27073133513164e-36	-0.264308471007781	0.109	0.242	2.73410554066924e-32
STMN4	1.50930464642109e-36	-0.312023214856344	0.021	0.122	3.24741987723962e-32
UBE2G2	1.82842597511096e-36	-0.274613522863189	0.783	0.868	3.93404132804874e-32
ZFP36L1	1.97378619877921e-36	0.282948374438951	0.752	0.611	4.24679838529335e-32
EPB41	2.53582045491855e-36	-0.3669735383565	0.765	0.849	5.45607129080275e-32
HDAC2	2.57226279218369e-36	-0.257171625408887	0.885	0.939	5.53448062366243e-32
IQGAP1	2.98532084415816e-36	0.257611103892841	0.825	0.719	6.4232163282907e-32
ANGPTL4	3.47942026423717e-36	0.253117122819806	0.268	0.149	7.4863206405327e-32
ATP11B	3.61011596307426e-36	0.273444359616275	0.507	0.366	7.76752550615057e-32
RAC3	4.53451648815963e-36	-0.251652566921375	0.202	0.353	9.75646567592425e-32
LDLR	4.56428385327225e-36	0.250049265333023	0.522	0.372	9.82051313870057e-32
BCL11B	4.9136227784548e-36	-0.345315057641609	0.722	0.816	1.05721507701234e-31
STEAP1	6.02682400491743e-36	-0.288404081588417	0.443	0.591	1.29673145289803e-31
LARP1	7.26968595592418e-36	-0.265358953458097	0.792	0.871	1.56414563027665e-31
CSNK2A1	8.85959487321863e-36	-0.252439246631774	0.796	0.871	1.90623043292172e-31
MRPL21	1.15401801181186e-35	-0.261954157153821	0.703	0.81	2.48298515421441e-31
SQSTM1	1.42519250756396e-35	0.323515933241273	0.737	0.624	3.06644419927461e-31
POLR2H	1.78624754508162e-35	-0.253749461985901	0.672	0.789	3.8432902179976e-31
MCM2	1.85228586209444e-35	-0.274795538286636	0.388	0.533	3.9853782608824e-31
CEBPB	2.17740332309353e-35	-0.304478600494502	0.447	0.604	4.68490098996804e-31
NOP14	2.91136220669809e-35	-0.295049443830899	0.533	0.642	6.26408692393161e-31
STEAP2	3.07140252470285e-35	-0.337601960010763	0.301	0.441	6.60842967215065e-31
TMEM132B	3.40435615596124e-35	-0.33920257640541	0.043	0.152	7.3248127051662e-31
SARS	7.3888979995834e-35	-0.427664303545202	0.736	0.793	1.58979529359036e-30
TUBB4B	7.61583894702639e-35	0.358609923053363	0.94	0.888	1.6386239078422e-30
SNHG8	1.02987893954872e-34	-0.330978041658497	0.661	0.747	2.21588752633302e-30
IK	1.15390398418116e-34	-0.252390067777848	0.777	0.868	2.48273981236418e-30
PSAT1	1.25962019120091e-34	-0.442181243361759	0.449	0.559	2.71019880338787e-30
HSPA9	2.1755210151163e-34	-0.262323944863038	0.872	0.914	4.68085101612423e-30
TES	2.38408478110179e-34	0.273510943080217	0.686	0.533	5.12959681501861e-30
GSTM3	2.73353679446561e-34	0.32631113793014	0.704	0.619	5.8814777669722e-30
TFAM	2.95520660651063e-34	-0.253090712225288	0.597	0.728	6.35842253456827e-30
E2F5	4.90290827560979e-34	-0.279189232968304	0.242	0.381	1.0549097445802e-29
KIF2A	5.27240341898496e-34	-0.28106955700397	0.413	0.546	1.1344103196288e-29
PGRMC2	7.35335387564725e-34	0.271255414156898	0.536	0.405	1.58214761988426e-29
MSI2	8.76360717424044e-34	-0.25491655407261	0.234	0.379	1.88557771960957e-29
TRIP11	9.95361575599553e-34	0.253246420706226	0.612	0.477	2.14161996606e-29
TATDN1	1.69131047335737e-33	-0.454638951298319	0.569	0.645	3.63902361447572e-29
POLE3	2.11842808922813e-33	-0.259111536242189	0.691	0.8	4.55800987678324e-29
DDR2	2.17231344889258e-33	0.271024378712363	0.842	0.745	4.67394961663727e-29
SLC38A1	2.61088906955322e-33	-0.304585855785287	0.432	0.562	5.61758892205071e-29
FEZ2	2.86251487594583e-33	0.268105591419286	0.626	0.491	6.15898700708505e-29
EFHD2	2.92364028364147e-33	0.281921378337629	0.507	0.369	6.29050443428298e-29
DENND2C	4.19163946090302e-33	-0.357104343103457	0.208	0.34	9.01873146407893e-29
RECQL	7.60658056676579e-33	0.261602223807099	0.671	0.539	1.63663187474533e-28
ABRACL	9.28527155655163e-33	-0.272349684486623	0.755	0.83	1.99781902810765e-28
TCOF1	1.64331550669295e-32	-0.271890051375206	0.595	0.709	3.53575764420056e-28
AAMDC	2.14523922150425e-32	0.259309820451537	0.588	0.459	4.61569670898853e-28
TUBA1C	3.99453127016065e-32	0.359183988578138	0.945	0.926	8.59463348087766e-28
UBA6	4.31356981585949e-32	0.256712053127489	0.6	0.462	9.28107681580328e-28
NFKBIA	8.30132161949115e-32	0.261752655136925	0.556	0.422	1.78611235964972e-27
RCC2	1.32225616410136e-31	-0.264660262153033	0.596	0.708	2.84496636268049e-27
HES6	1.75533582328352e-31	-0.265689075297426	0.171	0.302	3.77678055737682e-27
MCM3	1.88099777377504e-31	-0.286354262756252	0.672	0.783	4.04715481005438e-27
PDCD2	2.44388968389898e-31	-0.253987084394345	0.571	0.681	5.25827304387703e-27
IL1RAP	5.91203984583685e-31	-0.307303653727333	0.416	0.55	1.27203449323026e-26
ROBO2	6.54336897782481e-31	-0.291151044988024	0.129	0.252	1.40787126926879e-26
LBH	6.6227128781124e-31	-0.469827447400714	0.626	0.71	1.42494290285466e-26
HDDC2	1.0394894634556e-30	-0.251322549210156	0.609	0.725	2.23656552957107e-26
SOX11	1.22155099268172e-30	-0.290403216668301	0.619	0.733	2.62828911585399e-26
NEFL	2.59201161414652e-30	-0.310008461042411	0.072	0.181	5.57697218899766e-26
UPF3B	2.72060398387971e-30	-0.292205368027507	0.494	0.607	5.85365153171559e-26
PRRX2	3.10694091978778e-30	0.274929083796472	0.694	0.556	6.68489408301539e-26
NEFH	6.79266175530716e-30	-0.499652153269398	0.237	0.349	1.46150910327189e-25
YARS	8.43858017652083e-30	-0.276296090760459	0.535	0.651	1.81564491078022e-25
AKIRIN1	9.61530977680037e-30	-0.265583980047634	0.633	0.727	2.06883005157637e-25
TFDP2	1.12506235585357e-29	-0.279703040906202	0.437	0.555	2.42068416485455e-25
FAM217B	1.47711993826895e-29	-0.256403330106921	0.274	0.412	3.17817125917948e-25
H1FX	3.16788551838993e-29	-0.25356252497412	0.712	0.8	6.81602248136778e-25
SEPT6	3.2594705533938e-29	-0.300300241734063	0.341	0.473	7.01307684268211e-25
CFL2	3.93896324040593e-29	0.254511926552885	0.656	0.541	8.47507330805741e-25
TMSB15A	5.16762638360446e-29	-0.320303993175312	0.448	0.565	1.11186649269633e-24
TXNIP	5.88827496976524e-29	-0.271477857248535	0.113	0.228	1.26692124249469e-24
ATP5MC1	6.35263513468771e-29	-0.259013979262574	0.955	0.973	1.36683297557941e-24
MTREX	1.10490932555725e-28	-0.26195105270662	0.509	0.616	2.37732290486897e-24
CES1	1.24767759750813e-28	-0.336437215611463	0.185	0.315	2.68450311879849e-24
NARS	2.43543707072724e-28	-0.266113693428617	0.84	0.898	5.24008640137673e-24
ADD3	2.64449193549763e-28	0.25289692169907	0.642	0.528	5.68988884841671e-24
JPX	3.66588167345727e-28	-0.251187003423428	0.522	0.641	7.88751100861066e-24
GMPS	6.87107920461443e-28	-0.27400803182803	0.588	0.676	1.47838140166484e-23
RPA2	7.40844481947957e-28	-0.27667907432278	0.46	0.576	1.59400098735923e-23
BCL7A	1.10005549948678e-27	-0.259203046431105	0.376	0.499	2.36687941269575e-23
RNF212	3.03323259274072e-27	-0.261108268589679	0.062	0.158	6.52630324654092e-23
DLG2	9.91324435125709e-27	-0.29329716776234	0.289	0.405	2.13293365461647e-22
LTA4H	1.2560457707097e-26	-0.286632140712836	0.472	0.572	2.70250808025899e-22
LIMD2	1.64665026459492e-26	-0.273713162373705	0.493	0.595	3.54293270930243e-22
ASNS	1.69728404936257e-26	-0.556644576272498	0.255	0.36	3.65187636060852e-22
RAMP1	3.13888712562605e-26	0.394289408666286	0.654	0.601	6.75362953949701e-22
SYNE2	3.38569526783459e-26	0.268418340975732	0.641	0.521	7.28466193827291e-22
KCNE3	3.50114307910193e-26	-0.257487952910983	0.227	0.353	7.53305944899572e-22
APOE	3.9141032516234e-26	0.350000129202861	0.439	0.319	8.42158455619292e-22
SLC7A5	5.74244810261462e-26	-0.276957854011993	0.445	0.577	1.23554513375856e-21
MSH6	3.82320590792422e-25	-0.280936701944648	0.515	0.62	8.22600983148976e-21
CLSTN2	3.98771883684495e-25	-0.264009627325038	0.323	0.443	8.57997584935558e-21
SNHG25	6.97934041086256e-25	-0.261858866852758	0.283	0.399	1.50167488280119e-20
MAPT	1.34762033119433e-24	-0.299046094975491	0.514	0.61	2.89953990459772e-20
SYCP1	1.42148277777069e-24	-0.304679717080717	0.038	0.119	3.05846234465141e-20
MRPL13	8.15302800757378e-24	-0.45332928204652	0.72	0.753	1.75420550610958e-19
RUNX3	1.16767995561164e-23	-0.317877874131465	0.206	0.314	2.512380192494e-19
ASS1	1.52395160846315e-23	-0.265496291834737	0.082	0.173	3.27893428076932e-19
CDKN3	2.05709753305634e-23	0.403198898641681	0.643	0.566	4.42605105212403e-19
ENY2	6.85158305874772e-23	-0.251558530210533	0.965	0.969	1.47418661092016e-18
EZH2	9.03541741879293e-23	-0.272970716190813	0.686	0.749	1.94406041182749e-18
FBLN1	9.46879823942404e-23	0.256082371273489	0.616	0.526	2.03730662919448e-18
MGST1	5.40969026759118e-22	0.351526368941327	0.575	0.487	1.16394895797492e-17
BEX2	5.58564179151832e-22	-0.381159289700328	0.228	0.333	1.20180668786308e-17
FAM92A	6.28104113319359e-22	-0.267093571423888	0.371	0.467	1.35142881021793e-17
CCK	8.68777067883553e-22	-0.578585950824269	0.571	0.634	1.86926073925825e-17
ZFHX4	9.05346508635798e-22	-0.305793634663211	0.442	0.546	1.94794354798078e-17
ZSWIM6	9.58848935226891e-22	-0.255887484446869	0.41	0.516	2.06305936903418e-17
DIAPH3	9.72772147365792e-22	0.253328216219696	0.572	0.463	2.09301655227224e-17
ANLN	7.20982703687512e-21	0.270433574455264	0.52	0.414	1.55126638525405e-16
HLTF	1.32652293658504e-20	-0.272052338760563	0.497	0.577	2.85414675035637e-16
ATF4	9.37733170281108e-20	-0.368280576321854	0.729	0.764	2.01762668917683e-15
CEP55	1.62741175977227e-19	0.306399198277746	0.5	0.411	3.50153914232601e-15
HMGCS1	2.07569597190234e-19	0.26658006178058	0.429	0.331	4.46606745314507e-15
CENPV	6.92507337691157e-19	-0.279546334401956	0.601	0.661	1.48999878777629e-14
GARS	9.55573448805673e-19	-0.317490996806248	0.759	0.799	2.05601183245029e-14
CCND2	9.63811997078823e-19	-0.251274411405014	0.218	0.319	2.0737378929148e-14
YPEL5	1.281289965969e-18	-0.319770256050249	0.664	0.719	2.7568234907789e-14
PYCR1	3.83622450560655e-18	-0.284773810267061	0.395	0.478	8.25402064626306e-14
SHMT2	7.98965934281714e-18	-0.260081217248975	0.554	0.616	1.71905510420053e-13
TWIST1	3.2571688969387e-17	-0.415766587940011	0.43	0.49	7.00812459865331e-13
MALAT1	9.08022393065076e-17	0.272841622838492	1	1	1.95370098091882e-12
RHOBTB3	3.62851155670898e-16	0.254641955704337	0.828	0.793	7.80710546541504e-12
TFPI2	8.75508261694259e-15	0.356763166825289	0.148	0.091	1.88374357586137e-10
LAPTM4B	1.5719980739941e-14	-0.257173732074342	0.712	0.747	3.3823110560057e-10
CHORDC1	8.38715150269043e-14	-0.250984308036788	0.564	0.617	1.80457951731887e-09
GRP	6.60813633467711e-12	-0.377621954297706	0.506	0.564	1.42180661376913e-07
VGF	2.44707747305216e-11	0.279620428087651	0.163	0.109	5.26513189101903e-07
ATF5	1.56018262972143e-10	-0.72311817607725	0.491	0.521	3.35688894610862e-06
CRYGS	3.06502646006749e-10	-0.357802072022821	0.093	0.148	6.59471093148122e-06
HIST2H2AC	1.05966526430497e-08	-0.250764148304501	0.321	0.38	0.000227997578267857
PRAC1	3.84798628768198e-08	-0.563998852264576	0.593	0.619	0.000827932729657654
MMP1	2.35068537863146e-07	0.913966841007154	0.232	0.197	0.00505773466066344
UBE2C	2.6766596237695e-06	0.275091465551418	0.605	0.574	0.0575910084650245
EIF3E	1.49981583863409e-05	-0.333773604363499	0.975	0.98	0.322700375840511
WARS	2.08036072135138e-05	-0.390500869220907	0.442	0.452	0.447610412805963
CSRP1	4.64621769068618e-05	0.265082936613411	0.9	0.813	0.999680198328038
SERPINE2	0.0292196793397302	0.3664752888877	0.45	0.559	1
